3110
53103	53750	2	0	0
53437	53750	2	1	1
53816	53998	2	0	0
53816	53998	2	1	1
56499	57082	2	0	0
56499	57082	2	1	1
57141	61910	2	0	0
57141	61910	2	1	1
63399	63782	1	2	2
63539	64403	2	0	0
63539	64403	2	1	1
63856	63999	1	2	2
65399	66042	1	3	3
66112	66699	1	3	3
68335	71087	2	4	4
68335	71087	2	5	5
68335	71087	2	6	6
71141	71238	2	6	6
71141	71305	2	4	4
71141	71305	2	5	5
71370	71882	2	4	4
71370	71882	2	5	5
71370	71882	2	6	6
71939	72579	2	4	4
71939	72579	2	5	5
71939	72579	2	6	6
72642	73009	2	4	4
72642	73009	2	5	5
72642	73009	2	6	6
76456	76956	2	4	4
76456	76956	2	6	6
76916	77666	2	5	5
77122	77174	1	7	7
77122	77174	1	8	8
77865	78036	1	7	7
77865	78036	1	8	8
80601	81040	1	7	7
80601	81040	1	8	8
81195	81599	1	7	7
83598	83749	1	8	8
85850	86146	2	9	9
86202	86270	2	10	10
86625	86674	2	9	9
86730	87363	2	9	9
86822	87363	2	11	11
86822	87363	2	12	12
87465	87616	2	12	12
87465	87832	2	9	9
87465	87832	2	11	11
87673	87832	2	12	12
89951	90474	1	15	15
89951	90606	1	13	13
89951	90606	1	14	14
89951	90606	1	16	16
89951	90606	1	17	17
90278	90474	1	19	19
90278	90606	1	18	18
91030	91192	1	20	20
92946	92960	1	13	13
92946	92960	1	14	14
92946	92960	1	15	15
92946	92960	1	16	16
92946	92960	1	17	17
92946	93219	1	18	18
92946	93219	1	19	19
92946	93219	1	20	20
93029	93219	1	13	13
93029	93219	1	14	14
93029	93219	1	15	15
93029	93219	1	16	16
93029	93219	1	17	17
93442	93487	1	13	13
93442	93487	1	14	14
93442	93487	1	15	15
93442	93487	1	16	16
93442	93487	1	17	17
93442	93487	1	18	18
93442	93487	1	19	19
93442	93487	1	20	20
95693	95790	1	13	13
95693	95790	1	14	14
95693	95790	1	15	15
95693	95790	1	16	16
95693	95790	1	17	17
95693	95790	1	18	18
95693	95790	1	19	19
95693	95790	1	20	20
103263	103371	1	13	13
103263	103371	1	14	14
103263	103371	1	15	15
103263	103371	1	16	16
103263	103371	1	17	17
103263	103371	1	18	18
103263	103371	1	19	19
103263	103371	1	20	20
106337	106424	1	13	13
106337	106424	1	14	14
106337	106424	1	15	15
106337	106424	1	16	16
106337	106424	1	17	17
106337	106424	1	18	18
106337	106424	1	19	19
106337	106424	1	20	20
106478	106558	1	13	13
106478	106558	1	14	14
106478	106558	1	15	15
106478	106558	1	16	16
106478	106558	1	17	17
106478	106558	1	18	18
106478	106558	1	19	19
106478	106558	1	20	20
107642	107791	1	13	13
107642	107791	1	14	14
107642	107791	1	15	15
107642	107791	1	16	16
107642	107791	1	17	17
107642	107791	1	18	18
107642	107791	1	19	19
107642	107791	1	20	20
110980	113898	1	21	21
115048	115240	1	13	13
115048	115240	1	14	14
115048	115240	1	15	15
115048	115240	1	16	16
115048	115240	1	17	17
115048	115240	1	18	18
115048	115240	1	19	19
115048	115240	1	20	20
115048	115240	1	21	21
115462	115627	1	15	15
115462	115627	1	17	17
115462	115627	1	18	18
115462	115627	1	19	19
115462	115627	1	20	20
115462	115627	1	21	21
118447	118600	1	13	13
118447	118600	1	14	14
118447	118600	1	16	16
120031	120100	1	13	13
120031	120100	1	15	15
120031	120100	1	16	16
120031	120100	1	17	17
120031	120100	1	18	18
120031	120100	1	19	19
120031	120100	1	20	20
120031	120100	1	21	21
120031	122044	1	14	14
124708	125153	1	16	16
128028	128997	1	17	17
128028	129319	1	15	15
128028	130395	1	13	13
128028	130684	1	16	16
128028	130684	1	19	19
128028	130684	1	20	20
128028	130684	1	21	21
128028	134895	1	18	18
129052	129319	1	17	17
135699	135827	2	22	22
135883	136629	2	22	22
137014	137255	2	23	23
137014	137255	2	24	24
137014	137255	2	25	25
137311	139126	2	22	22
137311	139126	2	23	23
137311	139126	2	24	24
137311	139126	2	25	25
139180	139404	2	22	22
139180	139404	2	23	23
139180	139404	2	24	24
139180	139404	2	25	25
139463	139556	2	22	22
139463	139556	2	23	23
139463	139556	2	24	24
139463	139556	2	25	25
140513	140837	2	22	22
140513	140837	2	23	23
140513	140837	2	24	24
140513	140837	2	25	25
141483	142424	2	22	22
141483	142424	2	23	23
141483	142424	2	24	24
141483	142424	2	25	25
142478	142581	2	22	22
142478	142581	2	23	23
142478	142581	2	24	24
142478	142581	2	25	25
142934	144047	2	22	22
142934	144047	2	23	23
142934	144047	2	24	24
142934	144047	2	25	25
144410	144517	2	22	22
144410	144517	2	23	23
144410	144517	2	24	24
144410	144517	2	25	25
149947	150067	2	22	22
149947	150067	2	23	23
149947	150067	2	24	24
149947	150077	2	25	25
150180	150379	2	23	23
150295	150379	2	24	24
150423	150474	2	22	22
152845	152912	1	26	26
152845	152912	1	27	27
152845	152912	1	28	28
152845	152912	1	29	29
152845	152912	1	30	30
153299	153499	2	31	31
153811	153856	1	27	27
153811	153856	1	28	28
153811	153856	1	29	29
153811	153856	1	30	30
153811	153860	1	26	26
154213	154338	1	27	27
154213	154338	1	28	28
154213	154338	1	29	29
154213	155589	1	26	26
154213	155589	1	30	30
154420	154549	1	28	28
155296	155589	1	27	27
155296	155589	1	29	29
155391	155589	1	32	32
155450	155589	1	28	28
156897	156996	1	33	33
156897	157402	1	34	34
156897	157402	1	35	35
157316	157402	1	33	33
157504	157792	1	26	26
157504	157792	1	27	27
157504	157792	1	28	28
157504	157792	1	29	29
157504	157792	1	30	30
157504	157792	1	32	32
157504	157792	1	33	33
157504	157792	1	34	34
157504	157792	1	35	35
157848	157957	1	26	26
157848	157957	1	27	27
157848	157957	1	28	28
157848	157957	1	29	29
157848	157957	1	30	30
157848	157957	1	32	32
157848	157957	1	33	33
157848	157957	1	34	34
157848	157957	1	35	35
158016	158377	1	26	26
158016	158377	1	27	27
158016	158377	1	28	28
158016	158377	1	29	29
158016	158377	1	30	30
158016	158377	1	32	32
158016	158377	1	33	33
158016	158377	1	34	34
158016	158377	1	35	35
158432	158935	1	26	26
158432	158935	1	27	27
158432	158935	1	28	28
158432	158935	1	29	29
158432	158935	1	30	30
158432	158935	1	32	32
158432	158935	1	33	33
158432	158935	1	34	34
158432	158935	1	35	35
158999	159199	1	26	26
158999	159199	1	27	27
158999	159199	1	28	28
158999	159199	1	29	29
158999	159199	1	30	30
158999	159199	1	32	32
158999	159199	1	33	33
158999	159199	1	34	34
158999	159199	1	35	35
160447	160708	1	28	28
160447	160708	1	29	29
160447	160708	1	30	30
160447	160708	1	34	34
160895	162752	1	26	26
160895	162752	1	27	27
160895	162752	1	32	32
160895	162752	1	33	33
160895	162752	1	35	35
162825	163748	1	26	26
162825	163748	1	27	27
162825	163748	1	32	32
162825	163748	1	33	33
162825	163748	1	35	35
171389	171461	1	36	36
172367	172755	1	36	36
172820	173003	1	36	36
173064	173546	1	36	36
173609	174163	1	36	36
175279	175590	2	37	37
175342	175590	2	38	38
175652	175772	2	37	37
175652	175772	2	38	38
176390	176685	2	37	37
176390	176685	2	38	38
178200	179067	2	39	39
178200	179202	2	40	40
178200	179202	2	41	41
179125	179202	2	39	39
179269	179287	2	39	39
179269	179287	2	40	40
179269	179329	2	41	41
179847	180337	2	39	39
179847	180337	2	40	40
179847	180337	2	41	41
180392	180900	2	39	39
180392	180900	2	40	40
180392	180900	2	41	41
180957	181086	2	39	39
180957	181086	2	40	40
180957	181086	2	41	41
181150	181388	2	39	39
181150	181388	2	40	40
181150	181388	2	41	41
181447	185020	2	39	39
181447	185020	2	40	40
181447	185020	2	41	41
185087	185281	2	39	39
185087	185281	2	40	40
185087	185281	2	41	41
185340	185689	2	39	39
185340	185689	2	40	40
185340	185689	2	41	41
187170	194361	2	42	42
187170	194361	2	43	43
194736	194789	2	39	39
194736	194789	2	40	40
194736	194789	2	41	41
194736	194789	2	42	42
194736	194789	2	43	43
195410	195593	2	39	39
195410	195593	2	40	40
195410	195593	2	41	41
195410	195593	2	42	42
195410	195593	2	43	43
195735	195765	2	39	39
195735	195765	2	40	40
195735	195765	2	42	42
196080	196264	1	44	44
196141	196264	2	41	41
196147	196264	2	43	43
196324	196499	1	44	44
197973	198617	2	45	45
198063	198617	2	46	46
198063	198617	2	47	47
199403	199461	2	46	46
199403	199505	2	45	45
199403	199505	2	47	47
199562	199659	2	45	45
199562	199659	2	46	46
199562	199659	2	47	47
199717	199836	2	45	45
199717	199836	2	46	46
199717	199836	2	47	47
199886	200014	2	45	45
199889	200014	2	46	46
199889	200014	2	47	47
204701	205239	2	48	48
204850	205239	2	49	49
204850	205239	2	50	50
204850	205239	2	51	51
204850	205239	2	52	52
204850	205239	2	53	53
205295	205420	2	48	48
205295	205420	2	49	49
205295	205420	2	50	50
205295	205420	2	51	51
205295	205420	2	52	52
205295	205420	2	53	53
206452	206541	2	48	48
206452	206541	2	49	49
206452	206541	2	50	50
206452	206541	2	51	51
206452	206541	2	52	52
206452	206541	2	53	53
206603	207465	2	48	48
206603	207465	2	49	49
206603	207465	2	50	50
206603	207465	2	51	51
206603	207465	2	52	52
206603	207465	2	53	53
208622	208794	2	48	48
208622	208794	2	49	49
208622	208794	2	50	50
208622	208794	2	51	51
208622	208794	2	52	52
208622	208794	2	53	53
208855	208994	2	48	48
208855	208994	2	49	49
208855	208994	2	50	50
208855	208994	2	51	51
208855	208994	2	52	52
208855	208994	2	53	53
209050	209148	2	48	48
209050	209148	2	49	49
209050	209148	2	50	50
209050	209148	2	51	51
209050	209148	2	52	52
209050	209148	2	53	53
209203	209873	2	48	48
209203	209873	2	49	49
209203	209873	2	50	50
209203	209873	2	51	51
209203	209873	2	52	52
209203	209873	2	53	53
210151	210212	2	49	49
210623	210686	2	48	48
210623	210686	2	50	50
210623	210686	2	52	52
210623	210686	2	53	53
211934	212011	2	50	50
213969	214114	2	50	50
213969	214114	2	53	53
214170	214454	2	48	48
214298	214454	2	51	51
214298	214454	2	52	52
215357	216525	1	54	54
217300	222008	2	55	55
218317	222008	2	56	56
222066	222283	2	55	55
222066	222283	2	56	56
224605	225199	2	56	56
224605	225217	2	55	55
225265	225417	2	55	55
225265	225417	2	56	56
226284	226570	2	55	55
226366	226570	2	56	56
230849	230987	1	58	58
230849	230987	1	62	62
230849	231111	1	57	57
230849	231111	1	59	59
230849	231111	1	60	60
230849	231111	1	61	61
230849	231111	1	63	63
231063	231111	1	58	58
231063	231111	1	62	62
231183	231300	1	61	61
231183	231305	1	57	57
231183	231305	1	58	58
231183	231305	1	59	59
231183	231305	1	62	62
231183	231305	1	63	63
231207	231305	1	60	60
232215	232419	1	59	59
232215	232419	1	60	60
232215	232419	1	62	62
232215	232419	1	63	63
232264	232419	1	61	61
232479	232607	1	58	58
232479	232607	1	59	59
232479	232607	1	60	60
232479	232607	1	61	61
232479	232607	1	62	62
232479	232607	1	63	63
232740	232899	1	59	59
233253	233354	1	57	57
233253	233354	1	58	58
233253	233354	1	59	59
233253	233354	1	60	60
233253	233354	1	61	61
233253	233354	1	62	62
233253	233354	1	63	63
233416	233790	1	57	57
233416	233790	1	58	58
233416	233790	1	59	59
233416	233790	1	60	60
233416	233790	1	61	61
233416	233790	1	62	62
233416	233790	1	63	63
235634	235892	2	64	64
235634	235892	2	65	65
235955	236185	2	64	64
235955	236185	2	65	65
238031	238119	2	64	64
238031	238119	2	65	65
238873	239005	2	64	64
238873	239005	2	65	65
239071	239515	2	64	64
239071	239515	2	65	65
240516	240653	2	64	64
240516	240653	2	65	65
240769	241062	2	64	64
240769	241062	2	65	65
243166	243223	2	64	64
243166	243223	2	65	65
243279	243361	2	64	64
243279	243361	2	65	65
243416	243637	2	64	64
243416	243637	2	65	65
244182	244511	2	64	64
244182	244511	2	65	65
244570	245064	2	64	64
244570	245064	2	65	65
246387	246581	2	65	65
246387	247175	2	64	64
248301	248373	2	64	64
248547	248865	1	66	66
249201	249499	2	67	67
249530	250196	1	66	66
249556	249737	2	67	67
250536	251053	1	66	66
251355	251520	1	68	68
252051	252225	1	69	69
252051	252225	1	72	72
252051	252225	1	73	73
252051	252225	1	75	75
252051	252252	1	70	70
252051	252252	1	71	71
252051	252252	1	74	74
252051	252252	1	76	76
252475	252602	1	77	77
252560	252602	1	68	68
252560	252602	1	69	69
252560	252602	1	70	70
252560	252602	1	71	71
252560	252602	1	72	72
252560	252602	1	73	73
252560	252602	1	74	74
252560	252602	1	75	75
252560	252602	1	76	76
252904	253473	1	68	68
252904	253473	1	70	70
252904	253473	1	71	71
252904	253473	1	75	75
252904	253473	1	77	77
254890	254970	1	68	68
254890	254970	1	69	69
254890	254970	1	70	70
254890	254970	1	71	71
254890	254970	1	72	72
254890	254970	1	73	73
254890	254970	1	74	74
254890	254970	1	75	75
254890	254970	1	76	76
254890	254970	1	77	77
255489	255569	1	68	68
255489	255569	1	72	72
255489	255569	1	73	73
257020	257100	1	68	68
257020	257100	1	69	69
257020	257100	1	70	70
257020	257100	1	71	71
257020	257100	1	72	72
257020	257100	1	73	73
257020	257100	1	74	74
257020	257100	1	75	75
257020	257100	1	76	76
257020	257100	1	77	77
257894	258184	1	68	68
257894	258184	1	69	69
257894	258184	1	70	70
257894	258184	1	71	71
257894	258184	1	72	72
257894	258184	1	73	73
257894	258184	1	74	74
257894	258184	1	75	75
257894	258184	1	76	76
257894	258184	1	77	77
260563	260697	1	72	72
260939	261023	1	68	68
260939	261023	1	69	69
260939	261023	1	70	70
260939	261023	1	71	71
260939	261023	1	72	72
260939	261023	1	73	73
260939	261023	1	74	74
260939	261023	1	75	75
260939	261023	1	76	76
260939	261023	1	77	77
261270	261458	1	69	69
261270	261458	1	70	70
261270	261458	1	71	71
261270	261458	1	72	72
261270	261458	1	73	73
261270	261458	1	75	75
261270	261458	1	76	76
261270	261458	1	77	77
261270	261943	1	74	74
263086	263304	1	69	69
263086	263304	1	70	70
263086	263304	1	72	72
263086	263304	1	73	73
263086	263304	1	75	75
263086	263304	1	77	77
263113	263304	1	71	71
263795	264210	1	69	69
263795	264210	1	70	70
263795	264210	1	72	72
263795	264210	1	73	73
263795	264210	1	75	75
263795	264210	1	77	77
263891	264210	1	68	68
263891	264210	1	71	71
263891	264210	1	76	76
264259	264373	1	68	68
264259	264373	1	69	69
264259	264373	1	70	70
264259	264373	1	71	71
264259	264373	1	72	72
264259	264373	1	73	73
264259	264373	1	75	75
264259	264373	1	76	76
264259	264373	1	77	77
265043	265459	1	72	72
265043	265459	1	73	73
265805	266528	1	68	68
265805	266528	1	69	69
265805	266528	1	70	70
265805	266528	1	71	71
265805	266528	1	72	72
265805	266528	1	73	73
265805	266528	1	75	75
265805	266528	1	76	76
265805	266528	1	77	77
267749	267853	2	78	78
267749	267853	2	79	79
270182	270360	2	78	78
270182	270360	2	79	79
270415	270602	2	78	78
270415	270602	2	79	79
270659	270761	2	78	78
270659	270761	2	79	79
270815	270868	2	78	78
270815	270868	2	79	79
271940	272150	2	78	78
271940	272150	2	79	79
272680	272795	2	78	78
272680	272795	2	79	79
273284	273336	2	78	78
273449	273638	2	79	79
273449	273954	2	78	78
273826	273954	2	79	79
275622	278029	1	80	80
275622	278029	1	81	81
275622	278029	1	82	82
275622	278029	1	83	83
278937	279091	1	80	80
278937	279091	1	81	81
278937	279091	1	82	82
278937	279091	1	83	83
279153	279297	1	80	80
279153	279297	1	81	81
279153	279297	1	82	82
279153	279297	1	83	83
279903	279995	1	80	80
279903	279995	1	81	81
279903	279995	1	82	82
279903	279995	1	83	83
280072	280229	1	80	80
280072	280229	1	81	81
280072	280229	1	82	82
280072	280229	1	83	83
281855	282136	1	80	80
281855	282136	1	81	81
281855	282136	1	82	82
281855	282136	1	83	83
282199	282349	1	80	80
282199	282349	1	81	81
282199	282349	1	82	82
282199	282349	1	83	83
282402	282687	1	81	81
282402	282687	1	82	82
282402	282687	1	83	83
282402	283144	1	80	80
283008	283292	1	83	83
283831	283965	1	81	81
283831	283965	1	82	82
284977	285054	1	81	81
284977	285054	1	82	82
285111	285295	1	82	82
285153	285295	1	81	81
285369	285700	1	81	81
285369	286199	1	82	82
288800	291124	2	84	84
288939	291124	2	85	85
291185	291380	2	84	84
291185	291380	2	85	85
291694	292472	2	84	84
291694	292472	2	85	85
292540	292785	2	84	84
292540	292797	2	85	85
292851	293033	2	84	84
292851	293033	2	85	85
293740	294337	2	84	84
293740	294337	2	85	85
294386	294541	2	84	84
294386	294541	2	85	85
296205	296344	2	84	84
296205	296344	2	85	85
296916	296994	2	84	84
296916	296994	2	85	85
297148	298799	1	86	86
299310	300864	2	87	87
299310	300864	2	88	88
299310	300864	2	89	89
299310	300864	2	90	90
299310	300864	2	91	91
300950	301056	2	90	90
300950	301162	2	88	88
300950	301162	2	89	89
300950	301162	2	91	91
301122	301162	2	90	90
302349	302517	2	87	87
302349	302517	2	88	88
302349	302517	2	89	89
302349	302517	2	90	90
302349	302517	2	91	91
302573	302653	2	87	87
302573	302653	2	88	88
302573	302653	2	89	89
302573	302653	2	90	90
302573	302653	2	91	91
303061	303363	2	87	87
303061	303363	2	88	88
303061	303363	2	89	89
303061	303363	2	90	90
303061	303363	2	91	91
322867	322948	2	87	87
322867	322948	2	88	88
322867	322948	2	89	89
322867	322948	2	90	90
322867	322948	2	91	91
323011	323151	2	87	87
323011	323151	2	88	88
323011	323151	2	89	89
323011	323151	2	90	90
323011	323151	2	91	91
325641	325803	2	87	87
325641	325803	2	89	89
325641	325803	2	90	90
325641	325803	2	91	91
325986	326443	2	88	88
326321	326443	2	89	89
326357	326443	2	91	91
326685	326786	2	87	87
327065	327106	2	90	90
328718	328914	1	92	92
328718	328914	1	93	93
328718	328914	1	94	94
329038	329704	1	93	93
329056	329704	1	92	92
329056	329704	1	94	94
330164	330258	1	92	92
330164	330258	1	93	93
330164	330258	1	94	94
330319	330642	1	92	92
330319	330642	1	93	93
330319	330642	1	94	94
330704	330927	1	93	93
330704	330927	1	94	94
330704	331447	1	92	92
331555	333923	2	95	95
331555	333923	2	96	96
331555	333923	2	97	97
331555	333923	2	98	98
333982	334267	2	95	95
333982	334267	2	96	96
333982	334267	2	97	97
333982	334267	2	98	98
334324	334538	2	97	97
334373	334538	2	98	98
334373	334712	2	96	96
334645	334712	2	95	95
335548	335582	1	99	99
335548	335804	1	100	100
337018	337134	1	99	99
337018	337134	1	100	100
340074	342010	1	100	100
340077	340666	1	99	99
348790	352012	1	99	99
348818	350053	2	101	101
349441	350053	2	102	102
349441	350053	2	103	103
349441	350053	2	104	104
349441	350053	2	105	105
349441	350053	2	106	106
349441	350053	2	107	107
349441	350053	2	108	108
350142	352627	2	109	109
350896	350964	2	102	102
350896	350964	2	103	103
350896	350964	2	104	104
350896	350964	2	106	106
350896	350964	2	107	107
350896	350964	2	108	108
351481	352627	2	110	110
352023	352627	2	106	106
355295	355698	2	111	111
358161	358172	2	101	101
358161	358172	2	102	102
363547	363685	2	101	101
363547	363685	2	102	102
363547	363685	2	103	103
363547	363685	2	104	104
363547	363685	2	105	105
363547	363685	2	106	106
363547	363685	2	107	107
363547	363685	2	108	108
363547	363685	2	109	109
363547	363685	2	110	110
363547	363685	2	111	111
369620	369771	2	101	101
369620	369771	2	102	102
369620	369771	2	103	103
369620	369771	2	104	104
369620	369771	2	105	105
369620	369771	2	106	106
369620	369771	2	107	107
369620	369771	2	108	108
369620	369771	2	109	109
369620	369771	2	110	110
369620	369771	2	111	111
369838	370049	2	101	101
369838	370049	2	102	102
369838	370049	2	103	103
369838	370049	2	104	104
369838	370049	2	105	105
369838	370049	2	106	106
369838	370049	2	107	107
369838	370049	2	108	108
369838	370049	2	109	109
369838	370049	2	110	110
369838	370049	2	111	111
370106	370304	2	101	101
370106	370304	2	102	102
370106	370304	2	103	103
370106	370304	2	104	104
370106	370304	2	105	105
370106	370304	2	106	106
370106	370304	2	107	107
370106	370304	2	108	108
370106	370304	2	109	109
370106	370304	2	110	110
370106	370304	2	111	111
370355	370668	2	101	101
370355	370668	2	102	102
370355	370668	2	103	103
370355	370668	2	104	104
370355	370668	2	105	105
370355	370668	2	106	106
370355	370668	2	107	107
370355	370668	2	108	108
370355	370668	2	109	109
370355	370668	2	110	110
370355	370668	2	111	111
371228	371315	2	101	101
371228	371315	2	102	102
371228	371315	2	103	103
371228	371315	2	104	104
371228	371315	2	105	105
371228	371315	2	106	106
371228	371315	2	107	107
371228	371315	2	108	108
371228	371315	2	109	109
371228	371315	2	110	110
371228	371315	2	111	111
371390	371834	2	101	101
371390	371834	2	102	102
371390	371834	2	103	103
371390	371834	2	104	104
371390	371834	2	105	105
371390	371834	2	106	106
371390	371834	2	107	107
371390	371834	2	108	108
371390	371834	2	109	109
371390	371834	2	110	110
371390	371834	2	111	111
372211	372452	2	101	101
372211	372452	2	102	102
372211	372452	2	103	103
372211	372452	2	104	104
372211	372452	2	105	105
372211	372452	2	106	106
372211	372452	2	107	107
372211	372452	2	108	108
372211	372452	2	109	109
372211	372452	2	110	110
372211	372452	2	111	111
372509	372751	2	101	101
372509	372751	2	102	102
372509	372751	2	103	103
372509	372751	2	104	104
372509	372751	2	105	105
372509	372751	2	106	106
372509	372751	2	107	107
372509	372751	2	108	108
372509	372751	2	109	109
372509	372751	2	110	110
372509	372751	2	111	111
372806	373215	2	101	101
372806	373215	2	102	102
372806	373215	2	103	103
372806	373215	2	104	104
372806	373215	2	105	105
372806	373215	2	106	106
372806	373215	2	107	107
372806	373215	2	108	108
372806	373215	2	109	109
372806	373215	2	110	110
372806	373215	2	111	111
374568	374603	2	101	101
374568	374603	2	102	102
374568	374603	2	104	104
374568	374603	2	105	105
374568	374603	2	106	106
374568	374603	2	107	107
374568	374603	2	108	108
374568	374603	2	109	109
374568	374603	2	110	110
374568	374603	2	111	111
374976	375186	2	101	101
374976	375186	2	102	102
374976	375186	2	103	103
374976	375186	2	104	104
374976	375186	2	105	105
374976	375186	2	106	106
374976	375186	2	107	107
374976	375186	2	108	108
374976	375186	2	109	109
374976	375186	2	110	110
374976	375186	2	111	111
375305	375591	2	101	101
375305	375591	2	102	102
375305	375591	2	103	103
375305	375591	2	104	104
375305	375591	2	105	105
375305	375591	2	106	106
375305	375591	2	107	107
375305	375591	2	108	108
375305	375591	2	109	109
375305	375591	2	110	110
375305	375591	2	111	111
375656	375850	2	101	101
375656	375850	2	102	102
375656	375850	2	103	103
375656	375850	2	104	104
375656	375850	2	105	105
375656	375850	2	106	106
375656	375850	2	107	107
375656	375850	2	108	108
375656	375850	2	109	109
375656	375850	2	110	110
375656	375850	2	111	111
375935	376106	2	101	101
375935	376106	2	102	102
375935	376106	2	103	103
375935	376106	2	104	104
375935	376106	2	105	105
375935	376106	2	106	106
375935	376106	2	107	107
375935	376106	2	108	108
375935	376106	2	109	109
375935	376106	2	110	110
375935	376106	2	111	111
379175	379282	2	101	101
379175	379282	2	105	105
379175	379282	2	106	106
379175	379282	2	108	108
379175	379282	2	109	109
379175	379282	2	110	110
379175	379282	2	111	111
379257	379282	2	102	102
379257	379282	2	103	103
379257	379282	2	107	107
379469	379542	2	104	104
380563	380605	1	113	113
380563	380605	1	116	116
380563	380909	1	112	112
380563	380909	1	115	115
380563	380983	1	114	114
381212	381631	1	112	112
381212	381631	1	113	113
381212	381631	1	114	114
381212	381631	1	115	115
381212	381631	1	116	116
382929	383238	1	112	112
382929	383238	1	113	113
382929	383238	1	114	114
382929	383238	1	115	115
382929	383238	1	116	116
383296	383507	1	112	112
383296	383507	1	113	113
383296	383507	1	114	114
383296	383507	1	115	115
383296	383507	1	116	116
383571	383759	1	112	112
383571	383759	1	113	113
383571	383759	1	114	114
383571	383759	1	115	115
383571	383759	1	116	116
384119	384264	1	112	112
384119	384264	1	113	113
384119	384264	1	115	115
384119	384264	1	116	116
384119	384270	1	114	114
384493	385566	1	112	112
384493	385566	1	113	113
384493	385566	1	114	114
384493	385566	1	116	116
384649	385566	1	115	115
386299	386430	1	114	114
386299	387387	1	112	112
386299	387387	1	113	113
386299	387387	1	115	115
386299	387387	1	116	116
386485	387387	1	114	114
390132	390369	1	112	112
390132	390369	1	113	113
390132	390369	1	114	114
390132	390369	1	115	115
390132	390369	1	116	116
390435	390589	1	112	112
390435	390589	1	113	113
390435	390589	1	114	114
390435	390589	1	115	115
390435	390589	1	116	116
391716	391982	1	112	112
391716	391982	1	113	113
391716	391982	1	114	114
391716	391982	1	115	115
391716	391982	1	116	116
392438	392801	1	112	112
392438	392801	1	113	113
392438	392801	1	114	114
392438	392801	1	115	115
392438	392801	1	116	116
392875	393409	1	112	112
392875	393409	1	114	114
392875	393409	1	115	115
392875	395598	1	116	116
392875	396179	1	113	113
396265	397256	2	117	117
396265	397256	2	118	118
396265	397256	2	119	119
396265	397256	2	120	120
397719	398294	2	117	117
397719	398294	2	118	118
397719	398294	2	119	119
397719	398294	2	120	120
398383	398450	2	117	117
398383	398450	2	118	118
398383	398450	2	119	119
398383	398450	2	120	120
398510	398827	2	117	117
398510	398827	2	118	118
398510	398827	2	119	119
398510	398827	2	120	120
399021	399156	2	120	120
399021	399186	2	117	117
399021	399186	2	118	118
399021	399186	2	119	119
399341	399525	2	117	117
399341	399525	2	118	118
399341	399525	2	119	119
399341	399525	2	120	120
401349	401436	1	121	121
401670	401900	1	121	121
402748	403033	2	117	117
402748	403033	2	118	118
402748	403033	2	119	119
402748	403033	2	120	120
407532	407609	2	117	117
407532	407609	2	118	118
407532	407609	2	119	119
407532	407609	2	120	120
408454	408947	2	117	117
411050	412169	2	118	118
411050	412169	2	119	119
411050	412169	2	120	120
413888	414035	2	119	119
413888	414035	2	120	120
414487	416230	2	118	118
416021	416579	1	122	122
421328	421390	2	123	123
446692	447226	1	124	124
447956	448336	1	125	125
450122	452394	1	125	125
457582	459543	2	126	126
459600	459790	2	126	126
460073	462076	2	126	126
462805	463014	2	126	126
463489	463779	2	126	126
463838	464536	2	126	126
466129	466273	1	128	128
466129	467660	1	127	127
466718	467111	1	129	129
466718	467111	1	130	130
467203	467376	1	131	131
467256	467376	1	130	130
467256	467660	1	129	129
467446	467660	1	130	130
467446	467660	1	131	131
467726	467860	1	127	127
467726	467860	1	128	128
467726	467860	1	129	129
467726	467860	1	130	130
467726	467860	1	131	131
470549	470593	1	127	127
470549	470593	1	130	130
470549	470593	1	131	131
470867	470941	1	127	127
470867	470941	1	128	128
470867	470941	1	129	129
470867	470941	1	130	130
470867	470941	1	131	131
470996	471134	1	127	127
470996	471134	1	128	128
470996	471134	1	129	129
470996	471134	1	130	130
470996	471134	1	131	131
471815	472079	1	127	127
471815	472079	1	128	128
471815	472079	1	129	129
471815	472079	1	130	130
471815	472079	1	131	131
473243	473369	1	127	127
473243	473369	1	128	128
473243	473369	1	129	129
473243	473369	1	130	130
473243	473369	1	131	131
473428	473515	1	127	127
473428	473515	1	128	128
473428	473515	1	129	129
473428	473515	1	130	130
473428	473515	1	131	131
473597	474572	1	127	127
473597	474572	1	128	128
473597	474572	1	129	129
473597	474572	1	130	130
473597	474572	1	131	131
480393	480532	1	132	132
480512	480766	2	133	133
480681	482038	1	132	132
480828	481281	2	133	133
481339	481672	2	133	133
482130	482953	2	133	133
483013	483126	2	133	133
483680	485365	2	133	133
485422	485940	2	133	133
487126	487453	2	133	133
488122	488318	1	134	134
488376	488619	1	134	134
489782	489955	1	134	134
490034	493145	2	135	135
491639	492101	1	134	134
491911	493145	2	136	136
491911	493145	2	137	137
491911	493145	2	138	138
493203	493302	2	135	135
493203	493302	2	136	136
493203	493302	2	137	137
493203	493302	2	138	138
493520	494344	2	139	139
493520	494344	2	140	140
493520	494344	2	141	141
493520	494344	2	142	142
493520	494344	2	143	143
493772	494344	2	135	135
493772	494344	2	136	136
493772	494344	2	137	137
493772	494344	2	138	138
495078	495393	2	135	135
495078	495393	2	136	136
495078	495393	2	138	138
495078	495393	2	139	139
495078	495393	2	140	140
495078	495393	2	141	141
495078	495393	2	142	142
495078	495393	2	143	143
495078	495729	2	137	137
495585	495729	2	135	135
495585	495729	2	136	136
495585	495729	2	138	138
495585	495729	2	139	139
495585	495729	2	140	140
495585	495729	2	141	141
495585	495729	2	143	143
497588	497727	2	135	135
497588	497727	2	136	136
497588	497727	2	137	137
497588	497727	2	138	138
497588	497727	2	139	139
497588	497727	2	140	140
497588	497727	2	141	141
497588	497727	2	143	143
497917	498708	2	135	135
497917	498708	2	136	136
497917	498708	2	137	137
497917	498708	2	138	138
497917	498708	2	139	139
497917	498708	2	140	140
497917	498708	2	141	141
497917	498708	2	142	142
497917	498708	2	143	143
499163	499363	2	135	135
499163	499363	2	136	136
499163	499363	2	137	137
499163	499363	2	138	138
499163	499363	2	139	139
499163	499363	2	140	140
499163	499363	2	141	141
499163	499363	2	142	142
499163	499363	2	143	143
499425	499493	2	135	135
499425	499493	2	136	136
499425	499493	2	137	137
499425	499493	2	138	138
499425	499493	2	139	139
499425	499493	2	140	140
499425	499493	2	141	141
499425	499493	2	143	143
500660	500863	2	135	135
500660	500863	2	136	136
500660	500863	2	137	137
500660	500863	2	138	138
500660	500863	2	139	139
500660	500863	2	140	140
500660	500863	2	141	141
500660	500863	2	142	142
500660	500863	2	143	143
500927	501316	2	135	135
500927	501316	2	136	136
500927	501316	2	137	137
500927	501316	2	138	138
500927	501316	2	139	139
500927	501316	2	140	140
500927	501316	2	141	141
500927	501316	2	142	142
500927	501316	2	143	143
501401	501766	2	135	135
501401	501766	2	136	136
501401	501766	2	137	137
501401	501766	2	138	138
501401	501766	2	139	139
501401	501766	2	140	140
501401	501766	2	141	141
501401	501766	2	142	142
501401	501766	2	143	143
501834	502329	2	135	135
501834	502329	2	136	136
501834	502329	2	137	137
501834	502329	2	138	138
501834	502329	2	139	139
501834	502329	2	140	140
501834	502329	2	141	141
501834	502329	2	142	142
501834	502329	2	143	143
502436	502595	2	138	138
502436	502595	2	142	142
502436	502595	2	143	143
503109	503345	2	136	136
504126	504428	2	137	137
504126	504428	2	140	140
505835	506658	2	135	135
505835	506658	2	141	141
509473	509619	2	139	139
522435	522482	1	144	144
522435	522482	1	145	145
522435	522482	1	146	146
524476	524763	1	144	144
524476	524763	1	145	145
524476	524763	1	146	146
536207	536256	1	144	144
536207	536256	1	145	145
536207	536256	1	146	146
542098	543729	1	144	144
542098	543729	1	145	145
542098	543729	1	146	146
544956	545137	1	144	144
544956	545137	1	145	145
544956	545137	1	146	146
545529	547145	1	144	144
545529	547145	1	145	145
545529	547145	1	146	146
550318	551718	1	144	144
550318	551718	1	145	145
550318	551718	1	146	146
551781	552004	1	144	144
551781	552004	1	145	145
551784	552004	1	146	146
552061	552408	1	144	144
552061	552408	1	145	145
552061	552408	1	146	146
553408	553551	1	144	144
553408	553551	1	145	145
553411	553551	1	146	146
553608	556505	1	144	144
553608	556505	1	145	145
553608	556505	1	146	146
557591	557700	1	145	145
557800	558385	1	144	144
557800	558385	1	146	146
557800	558998	1	145	145
558957	568768	2	147	147
559163	559229	1	144	144
559163	559229	1	146	146
559284	560417	1	144	144
559284	561499	1	146	146
561185	568768	2	148	148
565893	568768	2	149	149
569884	570246	2	147	147
569884	570246	2	148	148
569884	570246	2	149	149
570339	570498	2	147	147
570339	570498	2	148	148
570339	570498	2	149	149
571379	572005	2	147	147
571379	572005	2	148	148
571379	572005	2	149	149
572616	574366	2	147	147
572616	574366	2	148	148
572616	574366	2	149	149
577650	577982	2	150	150
578068	578479	2	147	147
578068	578479	2	148	148
578068	578479	2	149	149
578068	578479	2	150	150
578641	578793	1	151	151
578641	578793	1	152	152
578848	578894	1	154	154
578848	578925	1	153	153
578848	578925	1	155	155
578848	578925	1	156	156
580289	580518	1	157	157
580720	580925	1	151	151
580720	580925	1	153	153
580720	580925	1	154	154
580720	580925	1	155	155
580720	580925	1	157	157
580723	580925	1	152	152
580723	580925	1	156	156
580974	581036	1	151	151
580974	581036	1	152	152
580974	581036	1	154	154
580974	581036	1	156	156
580974	581036	1	157	157
580997	581036	1	153	153
580997	581036	1	155	155
581096	581208	1	151	151
581096	581208	1	152	152
581096	581208	1	153	153
581096	581208	1	154	154
581096	581208	1	155	155
581096	581208	1	156	156
581096	581208	1	157	157
581343	581445	1	151	151
581343	581445	1	152	152
581343	581445	1	153	153
581343	581445	1	154	154
581343	581445	1	155	155
581343	581445	1	156	156
581343	581445	1	157	157
584986	585104	1	151	151
584986	585104	1	152	152
584986	585104	1	153	153
584986	585104	1	154	154
584986	585104	1	155	155
584986	585104	1	156	156
584986	585104	1	157	157
585166	585287	1	151	151
585166	585287	1	152	152
585166	585287	1	153	153
585166	585287	1	154	154
585166	585287	1	155	155
585166	585287	1	156	156
585166	585287	1	157	157
586032	586140	1	151	151
586032	586140	1	154	154
586032	586140	1	155	155
586035	586140	1	152	152
586035	586140	1	153	153
586035	586140	1	156	156
586035	586140	1	157	157
586226	586556	1	151	151
586226	586556	1	152	152
586226	586556	1	154	154
586226	586556	1	156	156
586226	587882	1	153	153
586226	587882	1	155	155
586226	587882	1	157	157
588921	589681	2	158	158
588921	589681	2	159	159
589739	589926	2	158	158
589739	589926	2	159	159
590600	590801	2	158	158
590600	590801	2	159	159
590859	590968	2	158	158
590859	590968	2	159	159
591034	591158	2	158	158
591034	591158	2	159	159
591229	591406	2	158	158
591229	591415	2	159	159
592160	592179	2	158	158
592380	592488	1	162	162
592380	592591	1	161	161
592380	592796	1	160	160
594238	595053	1	160	160
594238	595053	1	161	161
594238	595053	1	162	162
595960	596270	1	160	160
595960	596270	1	161	161
595960	596270	1	162	162
596327	596950	1	160	160
596327	596950	1	161	161
596327	596950	1	162	162
597604	598768	1	161	161
597604	598768	1	162	162
597604	600747	1	160	160
603733	603850	1	163	163
603733	603877	1	164	164
604414	604488	1	163	163
604414	604488	1	164	164
604561	604643	1	163	163
604561	604643	1	164	164
605387	605556	1	163	163
605387	605556	1	164	164
605615	605799	1	163	163
605615	605799	1	164	164
605923	606397	1	163	163
605923	606397	1	164	164
606465	606563	1	163	163
606465	606563	1	164	164
607527	607718	1	163	163
607527	607718	1	164	164
608468	608667	1	163	163
608468	608667	1	164	164
609197	609973	1	163	163
609197	609973	1	164	164
618249	618899	2	165	165
619180	622154	2	166	166
619180	622154	2	167	167
622382	622560	2	166	166
622382	622560	2	167	167
623937	624877	2	166	166
623937	624877	2	167	167
625628	627369	2	167	167
625628	628274	2	166	166
628062	628274	2	167	167
631309	631521	1	168	168
631309	631521	1	169	169
631309	631521	1	170	170
631309	631521	1	171	171
631309	631521	1	172	172
631309	631521	1	173	173
631910	632063	1	168	168
631910	632063	1	170	170
631910	632280	1	169	169
631910	632280	1	171	171
631910	632280	1	172	172
631910	632280	1	173	173
632138	632280	1	168	168
632138	632280	1	170	170
632352	632431	1	168	168
632352	632431	1	169	169
632352	632431	1	170	170
632352	632431	1	171	171
632352	632431	1	172	172
632352	632431	1	173	173
634240	634420	1	168	168
634240	634420	1	169	169
634240	634420	1	170	170
634240	634420	1	171	171
634240	634420	1	172	172
634240	634420	1	173	173
634562	635047	1	168	168
634562	635047	1	169	169
634562	635047	1	170	170
634562	635047	1	171	171
634562	635047	1	172	172
634562	635047	1	173	173
635661	636548	1	168	168
635661	636548	1	169	169
635661	636548	1	170	170
635661	636548	1	171	171
635661	636548	1	172	172
635661	636548	1	173	173
636630	636806	1	168	168
636630	636806	1	169	169
636630	636806	1	170	170
636630	636806	1	171	171
636630	636806	1	172	172
636630	636806	1	173	173
637929	637976	1	168	168
637929	637976	1	169	169
637929	637976	1	173	173
638973	639101	1	168	168
638973	639101	1	169	169
638973	639101	1	170	170
638973	639101	1	171	171
638973	639101	1	172	172
638973	639101	1	173	173
639161	639256	1	168	168
639161	639256	1	169	169
639161	639256	1	170	170
639161	639256	1	171	171
639161	639256	1	172	172
639161	639256	1	173	173
639318	639688	1	168	168
639318	639688	1	169	169
639318	639688	1	170	170
639318	639688	1	171	171
639318	639688	1	172	172
639318	639688	1	173	173
640262	640408	1	168	168
640262	640408	1	169	169
640262	640408	1	170	170
640262	640408	1	171	171
640262	640408	1	172	172
640262	640408	1	173	173
640473	640732	1	168	168
640473	640802	1	169	169
640473	640802	1	170	170
640473	640802	1	171	171
640473	640802	1	172	172
640473	640976	1	173	173
640879	641359	1	168	168
640879	641551	1	169	169
640879	641551	1	170	170
640879	641551	1	172	172
640879	642497	1	171	171
642554	643095	1	171	171
643844	645288	2	174	174
645397	646656	2	174	174
646751	646837	1	175	175
650316	650604	1	176	176
650318	650604	1	177	177
652252	652519	1	176	176
652252	652519	1	177	177
652653	652754	1	176	176
652653	652754	1	177	177
652833	653013	1	176	176
652833	653013	1	177	177
653073	653340	1	176	176
653073	653340	1	177	177
653954	654057	1	176	176
653954	654057	1	177	177
654116	654485	1	176	176
654116	654485	1	177	177
654546	654749	1	176	176
654586	654749	1	177	177
654802	654969	1	176	176
654802	654969	1	177	177
655035	655975	1	176	176
655035	655975	1	177	177
656756	657243	2	178	178
656756	657243	2	179	179
656756	657243	2	180	180
659640	659828	2	178	178
659640	659828	2	179	179
659640	659828	2	180	180
659958	660159	2	178	178
659958	660159	2	179	179
659958	660673	2	180	180
660218	660673	2	178	178
660218	660673	2	179	179
660732	660833	2	179	179
660732	660836	2	178	178
660732	660836	2	180	180
660898	661101	2	178	178
660898	661101	2	179	179
660898	661101	2	180	180
661158	661361	2	178	178
661158	661361	2	179	179
661158	661361	2	180	180
662901	663053	2	178	178
662901	663053	2	179	179
662901	663053	2	180	180
663117	663353	2	178	178
663117	663353	2	179	179
663117	663353	2	180	180
664614	664780	2	178	178
664614	664780	2	179	179
664614	664780	2	180	180
666574	666807	2	178	178
666574	666807	2	179	179
666574	666807	2	180	180
666858	667019	2	178	178
666858	667019	2	179	179
666858	667019	2	180	180
667070	667181	2	178	178
667070	667181	2	179	179
667070	667181	2	180	180
669666	671655	2	181	181
670596	671655	2	182	182
670596	671655	2	183	183
670596	671655	2	184	184
670596	671655	2	185	185
670596	671655	2	186	186
672930	673203	2	182	182
672930	673209	2	181	181
672930	673209	2	183	183
672930	673209	2	184	184
672930	673209	2	185	185
672930	673209	2	186	186
673271	673458	2	181	181
673271	673467	2	182	182
673271	673467	2	183	183
673271	673467	2	184	184
673271	673467	2	185	185
673271	673467	2	186	186
673526	673676	2	181	181
673526	673676	2	182	182
673526	673676	2	183	183
673526	673676	2	184	184
673526	673676	2	185	185
673526	673676	2	186	186
674495	674673	2	181	181
674495	674673	2	182	182
674495	674673	2	183	183
674495	674673	2	184	184
674495	674673	2	185	185
674495	674673	2	186	186
675130	675423	2	181	181
675130	675423	2	182	182
675130	675423	2	183	183
675130	675423	2	184	184
675130	675423	2	185	185
675130	675423	2	186	186
675686	676060	2	181	181
675686	676060	2	182	182
675686	676060	2	183	183
675686	676060	2	184	184
675686	676060	2	185	185
675686	676060	2	186	186
676841	678309	2	181	181
676841	678309	2	182	182
676841	678309	2	183	183
676841	678309	2	184	184
676841	678309	2	185	185
676841	678309	2	186	186
678527	679133	2	181	181
678527	679133	2	182	182
678527	679133	2	183	183
678527	679133	2	184	184
678527	679133	2	185	185
678527	679133	2	186	186
680185	680608	2	186	186
680503	680608	2	183	183
680546	680608	2	184	184
681054	681233	2	182	182
681054	681233	2	185	185
681671	682605	2	181	181
683390	683728	2	181	181
684246	684367	1	187	187
684246	684367	1	188	188
684246	684367	1	189	189
684480	684965	1	187	187
684480	684965	1	188	188
684480	684965	1	189	189
685613	685930	1	187	187
685613	685930	1	189	189
686576	687557	1	187	187
686576	687557	1	188	188
686576	687557	1	189	189
689045	689199	1	188	188
689045	689199	1	189	189
689755	690509	1	187	187
689755	690509	1	188	188
689755	690509	1	189	189
691767	691791	1	191	191
691767	692241	1	190	190
691872	692012	1	191	191
700895	700929	1	192	192
701065	701760	1	190	190
701065	701760	1	191	191
701065	701760	1	192	192
701218	701760	1	193	193
705206	708190	1	190	190
705206	708190	1	192	192
705206	710220	1	193	193
705206	711275	1	191	191
711311	712984	2	194	194
711903	712984	2	195	195
712226	712984	2	196	196
713050	713468	2	194	194
713050	713468	2	195	195
713050	713468	2	196	196
714006	715041	2	194	194
714006	715041	2	195	195
714006	715041	2	196	196
715839	715962	2	194	194
715839	716680	2	196	196
716322	716680	2	194	194
716322	716680	2	195	195
718314	718508	1	197	197
725276	725898	1	198	198
725276	725898	1	199	199
728054	728296	1	200	200
728117	728296	1	198	198
731542	731707	1	197	197
731542	731707	1	198	198
731542	731707	1	199	199
731542	731707	1	200	200
733118	733298	1	197	197
733118	733298	1	198	198
733118	733298	1	199	199
733118	733298	1	200	200
734483	735137	1	197	197
734483	735137	1	198	198
734483	735137	1	199	199
734483	735137	1	200	200
737752	737925	1	197	197
737752	737925	1	198	198
737752	737925	1	199	199
737752	737925	1	200	200
738279	738554	1	197	197
738279	738554	1	198	198
738279	738554	1	199	199
738279	738554	1	200	200
739899	740253	1	197	197
739899	740253	1	198	198
739899	740253	1	199	199
739899	740253	1	200	200
740947	741798	1	197	197
740947	741798	1	198	198
740947	741798	1	199	199
740947	741798	1	200	200
745025	745116	1	201	201
745025	745116	1	202	202
745025	745116	1	203	203
745981	746012	1	204	204
746283	746654	1	205	205
746294	746654	1	201	201
746294	746654	1	202	202
746294	746654	1	203	203
746294	746654	1	204	204
747287	747308	1	201	201
747287	747308	1	203	203
747287	747308	1	204	204
747557	747587	1	202	202
747557	747587	1	205	205
748086	748248	1	201	201
748086	748248	1	202	202
748086	748248	1	203	203
748086	748248	1	204	204
748086	748248	1	205	205
748729	748870	1	201	201
748729	748870	1	202	202
748729	748870	1	203	203
748729	748870	1	204	204
748729	748870	1	205	205
749298	749439	1	201	201
749298	749439	1	202	202
749627	749827	1	201	201
749627	749827	1	202	202
749899	750200	1	201	201
749899	750200	1	202	202
751402	751625	1	201	201
751402	751625	1	202	202
751402	751625	1	203	203
751402	751625	1	204	204
751402	751625	1	205	205
751688	752090	1	201	201
751688	752090	1	202	202
751688	752090	1	203	203
751688	752090	1	204	204
751688	752090	1	205	205
752185	752858	1	201	201
752185	752858	1	202	202
752185	752858	1	203	203
752185	752858	1	204	204
752185	752858	1	205	205
753842	754189	1	201	201
753842	754189	1	202	202
753842	754189	1	203	203
754545	754589	1	201	201
754545	754589	1	202	202
754545	754589	1	203	203
754545	754589	1	204	204
754545	754589	1	205	205
754904	755026	1	201	201
754904	755026	1	202	202
754904	755026	1	203	203
754904	755026	1	204	204
754904	755026	1	205	205
755103	755162	1	201	201
755103	755162	1	202	202
755103	755162	1	203	203
755103	755162	1	204	204
755103	755162	1	205	205
755339	755437	1	201	201
755339	755437	1	202	202
755339	755437	1	203	203
755339	755437	1	204	204
756140	756448	1	201	201
756140	756448	1	202	202
756140	756448	1	203	203
756140	756448	1	204	204
756140	756448	1	205	205
756530	756655	1	201	201
756530	756655	1	202	202
756530	756655	1	203	203
756530	756655	1	204	204
756530	756655	1	205	205
756774	756812	1	201	201
756774	756812	1	202	202
756774	756812	1	203	203
756774	756812	1	204	204
756964	757140	1	201	201
756964	757140	1	204	204
757444	757671	1	201	201
757444	757671	1	202	202
757444	757671	1	203	203
757444	757671	1	204	204
758361	758534	1	201	201
758361	758534	1	202	202
758361	758534	1	203	203
758361	758534	1	204	204
758361	758534	1	205	205
759578	759613	1	201	201
759578	759613	1	202	202
759578	759613	1	203	203
759578	759613	1	204	204
760574	760606	1	201	201
760574	760606	1	204	204
763028	763175	1	201	201
763028	763175	1	202	202
763028	763175	1	203	203
763028	763175	1	204	204
763028	763175	1	205	205
763413	763786	1	201	201
763413	763786	1	202	202
763413	763786	1	203	203
763413	763786	1	204	204
763413	763786	1	205	205
764150	764227	1	205	205
765791	765916	1	201	201
765791	765916	1	202	202
765791	765916	1	203	203
765791	765916	1	204	204
765791	765916	1	205	205
765997	766696	1	201	201
765997	766696	1	202	202
765997	766696	1	203	203
765997	766696	1	204	204
765997	766696	1	205	205
767101	767454	1	201	201
767101	767454	1	202	202
767101	767454	1	203	203
767101	767454	1	204	204
767101	767454	1	205	205
767932	769644	1	201	201
767932	769644	1	202	202
767932	769644	1	203	203
767932	769644	1	204	204
767932	769644	1	205	205
771195	772094	1	201	201
771195	772094	1	202	202
771195	772094	1	203	203
771195	772094	1	204	204
771195	772094	1	205	205
772802	773565	1	201	201
772802	773565	1	202	202
772802	773565	1	203	203
772802	773565	1	204	204
772802	773565	1	205	205
773650	773785	1	201	201
773650	773785	1	202	202
773650	773785	1	203	203
773650	773785	1	204	204
773650	773785	1	205	205
773963	774853	1	201	201
773963	774853	1	202	202
773963	774853	1	203	203
773963	774853	1	204	204
773963	774853	1	205	205
774912	777584	1	201	201
774912	777584	1	202	202
774912	777584	1	203	203
774912	777584	1	204	204
774912	777584	1	205	205
778146	778427	1	201	201
778146	778427	1	202	202
778146	778427	1	203	203
778146	778427	1	204	204
778146	778427	1	205	205
778490	778789	1	201	201
778490	778789	1	202	202
778490	778789	1	203	203
778490	778789	1	204	204
778490	778789	1	205	205
778845	788315	1	201	201
778845	788315	1	202	202
778845	788315	1	203	203
778845	788315	1	204	204
778845	788315	1	205	205
788387	789365	1	201	201
788387	789365	1	202	202
788387	789365	1	203	203
788387	789365	1	204	204
788387	789365	1	205	205
789429	789770	1	201	201
789429	789770	1	202	202
789429	789770	1	203	203
789429	789770	1	204	204
789429	789770	1	205	205
791178	792220	1	201	201
791178	792220	1	202	202
791178	792220	1	203	203
791178	792220	1	204	204
791178	792220	1	205	205
793028	793084	1	201	201
793028	793084	1	202	202
793028	793084	1	203	203
793028	793084	1	204	204
794642	794742	1	201	201
794642	794742	1	202	202
794642	794742	1	203	203
794642	794742	1	204	204
794642	794742	1	205	205
794810	794936	1	201	201
794810	794936	1	202	202
794810	794936	1	203	203
794810	794936	1	204	204
794810	794936	1	205	205
795002	795304	1	201	201
795002	795304	1	202	202
795002	795304	1	203	203
795002	795304	1	204	204
795002	795304	1	205	205
795540	796706	1	201	201
795540	796706	1	203	203
795540	796706	1	204	204
795540	796706	1	205	205
795540	797099	1	202	202
797100	797771	2	206	206
799141	802294	2	207	207
799141	802294	2	208	208
803799	803870	2	207	207
803799	803870	2	208	208
803927	804562	2	207	207
803927	804562	2	208	208
806817	807651	2	207	207
806817	807651	2	208	208
807706	807834	2	207	207
807706	807834	2	208	208
808077	808239	2	208	208
809520	809603	2	207	207
821061	822735	2	209	209
821061	822735	2	210	210
821061	822735	2	211	211
821061	822735	2	212	212
823023	823952	2	209	209
823023	823952	2	210	210
823023	823952	2	211	211
823023	823952	2	212	212
824471	824705	2	211	211
827447	827581	2	210	210
827811	827972	2	210	210
827811	827972	2	212	212
844126	844243	2	209	209
848484	848549	2	209	209
854004	855018	2	209	209
857611	859696	2	213	213
864917	865154	2	213	213
871799	872249	1	214	214
874182	874392	2	215	215
875881	876260	2	215	215
876025	876260	2	216	216
876025	876260	2	217	217
876025	876260	2	218	218
876311	876465	2	215	215
876311	876465	2	216	216
876311	876465	2	217	217
876311	876465	2	218	218
880932	881006	2	215	215
880932	881006	2	216	216
880932	881006	2	217	217
880932	881006	2	218	218
881065	882012	2	215	215
881065	882012	2	216	216
881065	882012	2	217	217
881065	882012	2	218	218
882418	885036	2	215	215
882418	885036	2	216	216
882418	885036	2	217	217
882418	885036	2	218	218
885973	886267	2	215	215
885973	886267	2	216	216
885973	886267	2	217	217
885973	886267	2	218	218
886327	886476	2	217	217
886327	886476	2	218	218
886327	886497	2	215	215
886327	886497	2	216	216
886556	886919	2	215	215
886556	886919	2	216	216
886556	886919	2	217	217
886556	886919	2	218	218
887595	887650	2	216	216
887595	887650	2	217	217
887601	887650	2	215	215
887601	887650	2	218	218
888449	888651	1	219	219
888449	892279	2	220	220
888727	892051	1	219	219
891555	892279	2	221	221
891555	892279	2	222	222
891555	892279	2	223	223
891555	892279	2	224	224
891555	892279	2	225	225
891555	892279	2	226	226
892345	892471	2	220	220
892345	892471	2	221	221
892345	892471	2	222	222
892345	892471	2	223	223
892345	892471	2	224	224
892345	892471	2	225	225
892345	892471	2	226	226
892537	892699	2	220	220
892537	892699	2	221	221
892537	892699	2	222	222
892537	892699	2	223	223
892537	892699	2	224	224
892537	892699	2	225	225
892537	892699	2	226	226
892752	892850	2	220	220
892752	892850	2	221	221
892752	892850	2	222	222
892752	892850	2	223	223
892752	892850	2	224	224
892752	892850	2	225	225
892752	892850	2	226	226
893839	894196	2	220	220
893839	894196	2	221	221
893839	894196	2	222	222
893839	894196	2	223	223
893839	894196	2	224	224
893839	894196	2	225	225
893839	894196	2	226	226
894260	894551	2	220	220
894260	894551	2	221	221
894260	894551	2	222	222
894260	894551	2	223	223
894260	894551	2	224	224
894260	894551	2	225	225
894260	894551	2	226	226
894619	894785	2	220	220
894619	894785	2	221	221
894619	894785	2	222	222
894619	894785	2	223	223
894619	894785	2	224	224
894619	894785	2	225	225
894619	894785	2	226	226
894871	895092	2	220	220
894871	895092	2	221	221
894871	895092	2	222	222
894871	895092	2	223	223
894871	895092	2	224	224
894871	895092	2	225	225
894871	895092	2	226	226
895828	896109	2	220	220
895828	896109	2	221	221
895828	896109	2	222	222
895828	896109	2	223	223
895828	896109	2	224	224
895828	896109	2	225	225
895828	896109	2	226	226
896168	896335	2	220	220
896168	896335	2	221	221
896168	896335	2	222	222
896168	896335	2	223	223
896168	896335	2	224	224
896168	896335	2	225	225
896168	896335	2	226	226
896739	896864	2	220	220
896739	896864	2	221	221
896739	896864	2	222	222
896739	896864	2	223	223
896739	896864	2	224	224
896739	896864	2	225	225
896739	896864	2	226	226
896921	897079	2	220	220
896921	897079	2	221	221
896921	897079	2	222	222
896921	897079	2	223	223
896921	897079	2	224	224
896921	897079	2	225	225
896921	897079	2	226	226
897142	897414	2	220	220
897142	897414	2	221	221
897142	897414	2	222	222
897142	897414	2	223	223
897142	897414	2	224	224
897142	897414	2	225	225
897142	897414	2	226	226
897495	897819	2	220	220
897495	897819	2	221	221
897495	897819	2	222	222
897495	897819	2	223	223
897495	897819	2	224	224
897495	897819	2	225	225
897495	897819	2	226	226
899476	899617	2	220	220
899476	899617	2	221	221
899476	899617	2	223	223
899476	899617	2	224	224
899476	899617	2	225	225
899476	899617	2	226	226
899999	905377	1	227	227
902096	904021	1	228	228
902468	902574	2	220	220
902468	902574	2	226	226
903242	903348	2	221	221
903242	903348	2	223	223
903242	903348	2	224	224
903242	903348	2	225	225
903586	903706	2	220	220
903586	903706	2	221	221
903586	903706	2	222	222
903586	903706	2	223	223
903586	903706	2	224	224
903586	903706	2	225	225
903586	903706	2	226	226
903768	903987	2	220	220
903768	903987	2	221	221
903768	903987	2	222	222
903768	903987	2	223	223
903768	903987	2	224	224
903768	903987	2	225	225
903768	903987	2	226	226
904192	904266	2	220	220
904192	904266	2	221	221
904192	904266	2	222	222
904192	904266	2	224	224
904192	904266	2	226	226
904192	904267	2	223	223
904192	904267	2	225	225
904498	904503	2	223	223
904498	904503	2	225	225
904671	904747	2	222	222
906383	906516	2	222	222
906383	906516	2	223	223
906383	906516	2	225	225
906385	906516	2	220	220
906385	906516	2	221	221
906385	906516	2	224	224
906385	906516	2	226	226
907590	913465	2	223	223
907590	913465	2	224	224
913519	913574	2	223	223
913519	913574	2	224	224
914130	914190	2	223	223
914130	914190	2	224	224
919018	922859	2	222	222
919018	923907	2	220	220
919018	923907	2	221	221
919018	923907	2	225	225
919018	923907	2	226	226
922932	923207	2	222	222
923451	923907	2	222	222
923962	924096	2	220	220
923962	924096	2	221	221
923962	924096	2	222	222
923962	924096	2	225	225
923962	924096	2	226	226
924258	924651	2	220	220
924986	925446	2	222	222
924986	925446	2	225	225
924986	925446	2	226	226
924986	926588	2	221	221
926653	927622	2	221	221
927699	928175	2	221	221
928245	928549	2	221	221
929704	929809	2	221	221
932812	932956	2	221	221
935922	936178	2	229	229
935922	936178	2	230	230
935922	936178	2	231	231
936242	936343	2	229	229
936242	936343	2	230	230
936242	936343	2	231	231
936462	936684	2	229	229
936462	936684	2	230	230
936462	936684	2	231	231
936746	936892	2	229	229
936746	936892	2	230	230
936746	936892	2	231	231
937492	937715	2	229	229
937492	937715	2	230	230
937492	937715	2	231	231
937900	938368	2	229	229
937900	938368	2	230	230
937900	938368	2	231	231
938949	939106	2	229	229
938949	939106	2	230	230
938949	939106	2	231	231
939161	939401	2	229	229
939161	939401	2	230	230
939161	939401	2	231	231
939528	941824	2	229	229
939528	941824	2	230	230
939528	941824	2	231	231
945708	945763	2	229	229
945708	945763	2	230	230
945708	945763	2	231	231
946200	946311	2	229	229
946200	946311	2	230	230
946200	946311	2	231	231
946393	946573	2	229	229
946393	946573	2	230	230
946393	946573	2	231	231
946636	947286	2	229	229
946636	947286	2	230	230
946636	947286	2	231	231
948018	948776	2	230	230
950447	950648	2	229	229
950447	950648	2	230	230
950447	950648	2	231	231
950705	950756	2	229	229
950705	950756	2	230	230
950705	950756	2	231	231
950907	951340	2	229	229
951137	951340	2	230	230
951137	951340	2	231	231
957444	957554	1	232	232
957444	957554	1	233	233
957444	957554	1	234	234
957444	957554	1	235	235
958957	959742	1	232	232
958957	959742	1	233	233
958957	959742	1	234	234
958957	959742	1	235	235
960799	961342	1	232	232
960799	961342	1	234	234
960799	961342	1	235	235
963392	963645	1	232	232
963392	963645	1	233	233
963392	963645	1	234	234
963392	963645	1	235	235
963728	963834	1	232	232
963728	963834	1	233	233
963728	963834	1	235	235
963728	964298	1	234	234
964173	964298	1	232	232
964173	964298	1	233	233
964173	964298	1	235	235
964359	964878	1	232	232
964359	964878	1	233	233
964359	964878	1	235	235
964359	965111	1	234	234
964931	965226	1	232	232
964931	965226	1	233	233
964931	965226	1	235	235
966850	967450	1	232	232
966850	967450	1	233	233
966850	970066	1	235	235
972167	972702	2	236	236
972167	972702	2	237	237
972167	972702	2	238	238
972167	972702	2	239	239
972763	973086	2	236	236
972763	973086	2	237	237
972763	973086	2	238	238
972763	973086	2	239	239
974138	974431	2	236	236
974138	974524	2	237	237
974138	974524	2	238	238
974138	974524	2	239	239
974645	974851	2	236	236
974645	974851	2	237	237
974645	974851	2	238	238
974645	974851	2	239	239
975114	975488	2	236	236
975114	975488	2	237	237
975114	975488	2	238	238
975114	975488	2	239	239
975546	975675	2	236	236
975546	975675	2	237	237
975546	975675	2	238	238
975546	975675	2	239	239
977170	978514	2	236	236
977170	978514	2	237	237
977170	978514	2	238	238
977170	978514	2	239	239
978631	978748	2	238	238
978631	978748	2	239	239
978631	978795	2	236	236
978631	979017	2	237	237
978914	979017	2	239	239
978939	979017	2	238	238
979849	980059	2	240	240
980300	980471	1	242	242
980300	980663	1	241	241
980300	980663	1	243	243
982876	982972	1	241	241
982876	982972	1	243	243
982966	983353	2	244	244
982966	983353	2	245	245
982966	983353	2	246	246
983026	983317	1	241	241
983029	983317	1	242	242
983029	983317	1	243	243
984346	984743	2	244	244
984346	984743	2	245	245
984346	984743	2	246	246
984797	986264	2	244	244
984797	986264	2	245	245
984797	986264	2	246	246
989552	989775	2	244	244
989881	989999	2	244	244
992663	992763	2	245	245
992663	992763	2	246	246
993234	993292	2	246	246
995730	996185	2	246	246
995793	996187	1	248	248
995793	996435	1	247	247
995793	996531	1	249	249
996324	996398	2	246	246
996512	996660	2	246	246
997391	997886	1	248	248
997391	997886	1	249	249
997420	997886	1	250	250
998832	999114	2	245	245
1010350	1011127	1	251	251
1010350	1011127	1	252	252
1012691	1012871	1	251	251
1012691	1012871	1	252	252
1017137	1017374	1	251	251
1017137	1017374	1	252	252
1018332	1018508	1	251	251
1018332	1018508	1	252	252
1019248	1019318	1	252	252
1019248	1019330	1	251	251
1024783	1024998	1	252	252
1024783	1025037	1	251	251
1025095	1025243	1	251	251
1025095	1025243	1	252	252
1026432	1026634	1	251	251
1026432	1026634	1	252	252
1026691	1026913	1	251	251
1026691	1028547	1	252	252
1030520	1034393	2	253	253
1034029	1034393	2	254	254
1034029	1034393	2	255	255
1034258	1034393	2	256	256
1034943	1035151	2	253	253
1034943	1035151	2	254	254
1034943	1035151	2	255	255
1034943	1035151	2	256	256
1035208	1035353	2	253	253
1035208	1035353	2	254	254
1035208	1035353	2	255	255
1035208	1035353	2	256	256
1035403	1035533	2	253	253
1035403	1035533	2	254	254
1035403	1035533	2	255	255
1035403	1035533	2	256	256
1035591	1035926	2	253	253
1035591	1035977	2	254	254
1035591	1035977	2	255	255
1035591	1035977	2	256	256
1036050	1036245	2	253	253
1036050	1036245	2	254	254
1036050	1036245	2	255	255
1036050	1036245	2	256	256
1037001	1039334	2	253	253
1037001	1039334	2	254	254
1037001	1039334	2	255	255
1037001	1039334	2	256	256
1039395	1040640	2	253	253
1039395	1040640	2	254	254
1039395	1040640	2	255	255
1039395	1040640	2	256	256
1042867	1044305	2	253	253
1042867	1044305	2	254	254
1046841	1047160	2	256	256
1047395	1047726	2	253	253
1047588	1047726	2	254	254
1047588	1047726	2	255	255
1047632	1047726	2	256	256
1048488	1048507	1	257	257
1048906	1048953	1	258	258
1049300	1049986	2	259	259
1049335	1049984	1	257	257
1049335	1049984	1	258	258
1050336	1051402	2	260	260
1050336	1051402	2	262	262
1050336	1051600	2	261	261
1052109	1052367	1	263	263
1052177	1052301	2	262	262
1052220	1052382	2	260	260
1052428	1052578	1	263	263
1052489	1052578	1	264	264
1052489	1052578	1	265	265
1053514	1053843	1	263	263
1053532	1053843	1	264	264
1053532	1053843	1	265	265
1053897	1055182	1	263	263
1053897	1055182	1	265	265
1053897	1055542	1	264	264
1055913	1058047	2	266	266
1055913	1058047	2	267	267
1055913	1058047	2	268	268
1055913	1058047	2	269	269
1055913	1058047	2	270	270
1055913	1058047	2	271	271
1055913	1058047	2	272	272
1055913	1058047	2	273	273
1055913	1058047	2	274	274
1055913	1058047	2	275	275
1057780	1058047	2	276	276
1057780	1058047	2	277	277
1058101	1058194	2	269	269
1058101	1058194	2	270	270
1058101	1058194	2	271	271
1058101	1058215	2	266	266
1058101	1058215	2	267	267
1058101	1058215	2	268	268
1058101	1058215	2	272	272
1058101	1058215	2	273	273
1058101	1058215	2	274	274
1058101	1058215	2	275	275
1058101	1058215	2	276	276
1058101	1058215	2	277	277
1058271	1058365	2	266	266
1058271	1058365	2	267	267
1058271	1058365	2	268	268
1058271	1058365	2	269	269
1058271	1058365	2	270	270
1058271	1058365	2	271	271
1058271	1058365	2	272	272
1058271	1058365	2	273	273
1058271	1058365	2	274	274
1058271	1058365	2	275	275
1058271	1058365	2	276	276
1058271	1058365	2	277	277
1058984	1059059	2	266	266
1058984	1059059	2	269	269
1058984	1059059	2	270	270
1058984	1059059	2	271	271
1058984	1059059	2	273	273
1058984	1059062	2	268	268
1058984	1059062	2	272	272
1058984	1059062	2	274	274
1058984	1059062	2	275	275
1058984	1059062	2	276	276
1058984	1059062	2	277	277
1058984	1059083	2	267	267
1060638	1060703	2	266	266
1060638	1060703	2	269	269
1060638	1060703	2	270	270
1060638	1060703	2	273	273
1060638	1060703	2	276	276
1064093	1064146	2	270	270
1064093	1064149	2	266	266
1064093	1064149	2	267	267
1064093	1064149	2	272	272
1064093	1064149	2	273	273
1064093	1064149	2	274	274
1064093	1064149	2	276	276
1065781	1065873	2	266	266
1065781	1065873	2	267	267
1065781	1065873	2	268	268
1065781	1065873	2	269	269
1065781	1065873	2	270	270
1065781	1065873	2	271	271
1065781	1065873	2	272	272
1065781	1065873	2	273	273
1065781	1065873	2	274	274
1065781	1065873	2	275	275
1065781	1065873	2	276	276
1065781	1065873	2	277	277
1067889	1068015	2	266	266
1067889	1068015	2	267	267
1067889	1068015	2	268	268
1067889	1068015	2	269	269
1067889	1068015	2	270	270
1067889	1068015	2	271	271
1067889	1068015	2	272	272
1067889	1068015	2	273	273
1067889	1068015	2	274	274
1067889	1068015	2	275	275
1067889	1068015	2	276	276
1067889	1068015	2	277	277
1068078	1068200	2	266	266
1068078	1068200	2	267	267
1068078	1068200	2	268	268
1068078	1068200	2	269	269
1068078	1068200	2	270	270
1068078	1068200	2	271	271
1068078	1068200	2	272	272
1068078	1068200	2	273	273
1068078	1068200	2	274	274
1068078	1068200	2	275	275
1068078	1068200	2	276	276
1068078	1068200	2	277	277
1068260	1068354	2	266	266
1068260	1068354	2	267	267
1068260	1068354	2	268	268
1068260	1068354	2	269	269
1068260	1068354	2	270	270
1068260	1068354	2	271	271
1068260	1068354	2	272	272
1068260	1068354	2	273	273
1068260	1068354	2	274	274
1068260	1068354	2	275	275
1068260	1068354	2	276	276
1068260	1068354	2	277	277
1068448	1068773	2	266	266
1068448	1068773	2	267	267
1068448	1068773	2	268	268
1068448	1068773	2	269	269
1068448	1068773	2	270	270
1068448	1068773	2	271	271
1068448	1068773	2	272	272
1068448	1068773	2	273	273
1068448	1068773	2	274	274
1068448	1068773	2	275	275
1068448	1068773	2	276	276
1068448	1068773	2	277	277
1069129	1069183	2	266	266
1069129	1069183	2	267	267
1069129	1069183	2	268	268
1069129	1069183	2	269	269
1069129	1069183	2	270	270
1069129	1069183	2	271	271
1069129	1069183	2	272	272
1069129	1069183	2	273	273
1069129	1069183	2	274	274
1069129	1069183	2	275	275
1069129	1069183	2	276	276
1069129	1069183	2	277	277
1069812	1069871	2	266	266
1069812	1069871	2	267	267
1069812	1069871	2	268	268
1069812	1069871	2	269	269
1069812	1069871	2	270	270
1069812	1069871	2	271	271
1069812	1069871	2	272	272
1069812	1069871	2	273	273
1069812	1069871	2	274	274
1069812	1069871	2	275	275
1069812	1069871	2	276	276
1069812	1069871	2	277	277
1070923	1071017	2	266	266
1070923	1071017	2	267	267
1070923	1071017	2	268	268
1070923	1071017	2	269	269
1070923	1071017	2	270	270
1070923	1071017	2	271	271
1070923	1071017	2	272	272
1070923	1071017	2	273	273
1070923	1071017	2	274	274
1070923	1071017	2	275	275
1070923	1071017	2	276	276
1070923	1071017	2	277	277
1071080	1071234	2	266	266
1071080	1071234	2	267	267
1071080	1071234	2	268	268
1071080	1071234	2	269	269
1071080	1071234	2	270	270
1071080	1071234	2	271	271
1071080	1071234	2	272	272
1071080	1071234	2	273	273
1071080	1071234	2	274	274
1071080	1071234	2	275	275
1071080	1071234	2	276	276
1071080	1071234	2	277	277
1071319	1071384	2	266	266
1071319	1072003	2	277	277
1071884	1072003	2	274	274
1071968	1072003	2	266	266
1071968	1072003	2	275	275
1071968	1072003	2	276	276
1074123	1074328	2	267	267
1074123	1074328	2	268	268
1074123	1074328	2	269	269
1074123	1074328	2	270	270
1074123	1074328	2	271	271
1074123	1074328	2	272	272
1074123	1074328	2	273	273
1077990	1078197	2	278	278
1077990	1078197	2	279	279
1077990	1078197	2	280	280
1077990	1078197	2	281	281
1077990	1078197	2	282	282
1078258	1078378	2	278	278
1078258	1078378	2	279	279
1078258	1078378	2	280	280
1078258	1078378	2	281	281
1078258	1078378	2	282	282
1078432	1078780	2	278	278
1078432	1078780	2	279	279
1078432	1078780	2	280	280
1078432	1078780	2	281	281
1078432	1078780	2	282	282
1078835	1079129	2	278	278
1078835	1079129	2	279	279
1078835	1079129	2	280	280
1078835	1079129	2	281	281
1078835	1079129	2	282	282
1079726	1079913	2	280	280
1079726	1079976	2	278	278
1079726	1079976	2	279	279
1079726	1079976	2	281	281
1079726	1079976	2	282	282
1080044	1080461	2	278	278
1080044	1080461	2	279	279
1080044	1080461	2	280	280
1080044	1080461	2	281	281
1080044	1080461	2	282	282
1081038	1081259	2	278	278
1081038	1081259	2	280	280
1081038	1081278	2	282	282
1081366	1081543	2	280	280
1081366	1081543	2	282	282
1081398	1081543	2	281	281
1081594	1081761	1	283	283
1083303	1083544	1	284	284
1084870	1085006	2	278	278
1084870	1085006	2	279	279
1085448	1085626	2	278	278
1085448	1085626	2	279	279
1085531	1085647	1	285	285
1085531	1085647	1	286	286
1085709	1085808	1	283	283
1085709	1085808	1	284	284
1085709	1085808	1	285	285
1085709	1085808	1	286	286
1086481	1086510	1	283	283
1086481	1086510	1	284	284
1086481	1086510	1	285	285
1086481	1086510	1	286	286
1086565	1093730	1	283	283
1086565	1093730	1	284	284
1086565	1093730	1	285	285
1086565	1093730	1	286	286
1093786	1094006	1	283	283
1093786	1094006	1	284	284
1093786	1094006	1	285	285
1093786	1094006	1	286	286
1094064	1096182	1	283	283
1094064	1096182	1	284	284
1094064	1096182	1	285	285
1094064	1096182	1	286	286
1096241	1096361	1	283	283
1096241	1096361	1	284	284
1096241	1096361	1	285	285
1096241	1096361	1	286	286
1096417	1096829	1	283	283
1096417	1096829	1	284	284
1096417	1096829	1	285	285
1096417	1097898	1	286	286
1097956	1098454	2	287	287
1098511	1099144	2	287	287
1099198	1099454	2	287	287
1100882	1101832	2	287	287
1102752	1103898	2	287	287
1105239	1105421	2	287	287
1109423	1109501	1	290	290
1109423	1109687	1	288	288
1109423	1109687	1	289	289
1109423	1109687	1	291	291
1109423	1109687	1	292	292
1109423	1109687	1	293	293
1112884	1113253	1	288	288
1112884	1113253	1	289	289
1112884	1113253	1	290	290
1112884	1113253	1	291	291
1112884	1113253	1	292	292
1112884	1113253	1	293	293
1116201	1116341	1	288	288
1116201	1116341	1	289	289
1116201	1116341	1	290	290
1116201	1116341	1	291	291
1116201	1116341	1	292	292
1116201	1116341	1	293	293
1116419	1116457	1	288	288
1116419	1116457	1	289	289
1116419	1116457	1	290	290
1116419	1116457	1	291	291
1116419	1116457	1	292	292
1116419	1116457	1	293	293
1119150	1119583	1	294	294
1122559	1122724	1	288	288
1122559	1122724	1	289	289
1122559	1122724	1	290	290
1122559	1122724	1	291	291
1122559	1122724	1	292	292
1122559	1122724	1	293	293
1122559	1122724	1	294	294
1124160	1124357	1	288	288
1124160	1124357	1	289	289
1124160	1124357	1	290	290
1124160	1124357	1	291	291
1124160	1124357	1	292	292
1124160	1124357	1	293	293
1124160	1124357	1	294	294
1126777	1127222	1	288	288
1126777	1127222	1	289	289
1126777	1127222	1	290	290
1126777	1127222	1	291	291
1126777	1127222	1	292	292
1126777	1127222	1	293	293
1126777	1127222	1	294	294
1128324	1128415	1	288	288
1128324	1128415	1	289	289
1128324	1128415	1	290	290
1128324	1128415	1	291	291
1128324	1128415	1	292	292
1128324	1128415	1	293	293
1128324	1128415	1	294	294
1128723	1128969	1	288	288
1128723	1128969	1	289	289
1128723	1128969	1	290	290
1128723	1128969	1	291	291
1128723	1128969	1	292	292
1128723	1128969	1	293	293
1128723	1128969	1	294	294
1129099	1129197	1	288	288
1129099	1129197	1	289	289
1129099	1129197	1	291	291
1129099	1129197	1	292	292
1129105	1129197	1	290	290
1129734	1130225	1	288	288
1129734	1130225	1	290	290
1129734	1130225	1	292	292
1131406	1131513	1	290	290
1131406	1131513	1	291	291
1131406	1131513	1	292	292
1131406	1131513	1	293	293
1131406	1131513	1	294	294
1131406	1131599	1	288	288
1131406	1131599	1	289	289
1131913	1133942	1	290	290
1131913	1133942	1	291	291
1131913	1133942	1	292	292
1131913	1133942	1	293	293
1131913	1133942	1	294	294
1133499	1136519	2	295	295
1135704	1136519	2	296	296
1135880	1136519	2	297	297
1135880	1136522	2	298	298
1136581	1136704	2	295	295
1136581	1136704	2	296	296
1136581	1136704	2	297	297
1136581	1136704	2	298	298
1136951	1137081	2	295	295
1136951	1137081	2	296	296
1136951	1137081	2	297	297
1136951	1137081	2	298	298
1137140	1137223	2	295	295
1137140	1137223	2	296	296
1137140	1137223	2	297	297
1137140	1137223	2	298	298
1137285	1137839	2	295	295
1137285	1137839	2	296	296
1137285	1137839	2	297	297
1137285	1137839	2	298	298
1138476	1138530	2	295	295
1138476	1138530	2	296	296
1138476	1138530	2	297	297
1138476	1138530	2	298	298
1138593	1139642	2	295	295
1138593	1139642	2	296	296
1138593	1139642	2	297	297
1138593	1139642	2	298	298
1140562	1140672	2	295	295
1140562	1140672	2	296	296
1140562	1140672	2	297	297
1140562	1140672	2	298	298
1140731	1141231	2	295	295
1140731	1141231	2	296	296
1140731	1141231	2	297	297
1140731	1141231	2	298	298
1141284	1141426	2	295	295
1141284	1141426	2	296	296
1141284	1141426	2	297	297
1141284	1141426	2	298	298
1142084	1142247	2	295	295
1142084	1142247	2	296	296
1142084	1142247	2	297	297
1142084	1142247	2	298	298
1143453	1143590	2	295	295
1143453	1143590	2	296	296
1143848	1143982	2	297	297
1143848	1143982	2	298	298
1144792	1144956	1	299	299
1144792	1144956	1	300	300
1145061	1145323	1	299	299
1145061	1145323	1	300	300
1145393	1145518	1	299	299
1145393	1145518	1	300	300
1145575	1145738	1	300	300
1145575	1145950	1	299	299
1147227	1147377	1	301	301
1147227	1147377	1	302	302
1147227	1147377	1	303	303
1147434	1147566	1	301	301
1147434	1147566	1	302	302
1147434	1147566	1	303	303
1147627	1148040	1	301	301
1147627	1148040	1	302	302
1147627	1148040	1	303	303
1149114	1149280	1	301	301
1149114	1149280	1	302	302
1149114	1149280	1	303	303
1150060	1150113	1	301	301
1150060	1150113	1	302	302
1150060	1150113	1	303	303
1150191	1150355	1	301	301
1150191	1150355	1	302	302
1150191	1150355	1	303	303
1150650	1150808	1	301	301
1150650	1150808	1	302	302
1150650	1150808	1	303	303
1151008	1151211	1	301	301
1151008	1151211	1	302	302
1151008	1151211	1	303	303
1151818	1152021	1	301	301
1151818	1152021	1	302	302
1151818	1152021	1	303	303
1152114	1152218	1	301	301
1152114	1152218	1	302	302
1152114	1152218	1	303	303
1152326	1152583	1	301	301
1152326	1152583	1	302	302
1152326	1152583	1	303	303
1152710	1153198	1	302	302
1154500	1154697	1	301	301
1154500	1154697	1	302	302
1154500	1154697	1	303	303
1154777	1155719	1	302	302
1155719	1156109	1	301	301
1155719	1156109	1	303	303
1156164	1156539	1	303	303
1156164	1158544	1	301	301
1158455	1160625	2	304	304
1158455	1160625	2	305	305
1158455	1160625	2	306	306
1161112	1161526	2	304	304
1161112	1161526	2	305	305
1161112	1161526	2	306	306
1161585	1161992	2	304	304
1161585	1161992	2	305	305
1161585	1161992	2	306	306
1164074	1164190	2	304	304
1164074	1164190	2	305	305
1164074	1164190	2	306	306
1164252	1164493	2	304	304
1164252	1164493	2	305	305
1164252	1164493	2	306	306
1164610	1164738	2	304	304
1164610	1164738	2	305	305
1164610	1164738	2	306	306
1165591	1165725	2	306	306
1165833	1165946	2	306	306
1166666	1166746	2	306	306
1167095	1167154	2	304	304
1168091	1168243	1	307	307
1169614	1169838	1	307	307
1182391	1182783	2	305	305
1185507	1186112	1	307	307
1186175	1186992	1	307	307
1187291	1189864	1	307	307
1193094	1193655	2	308	308
1193094	1193655	2	309	309
1193709	1193828	2	308	308
1193709	1193828	2	309	309
1194431	1194722	2	308	308
1194431	1194722	2	309	309
1194784	1195553	2	308	308
1194784	1195553	2	309	309
1195607	1195748	2	308	308
1195607	1195748	2	309	309
1201673	1201906	2	308	308
1201673	1201906	2	309	309
1201993	1202253	2	308	308
1202215	1202253	2	309	309
1206393	1206459	1	312	312
1206393	1206591	1	310	310
1206393	1206591	1	311	311
1206740	1206844	1	313	313
1206954	1207259	1	313	313
1207098	1207259	1	310	310
1207098	1207259	1	311	311
1207098	1207259	1	312	312
1208147	1208197	1	310	310
1208147	1208197	1	313	313
1208147	1208239	1	311	311
1208147	1208239	1	312	312
1208360	1208505	1	310	310
1208360	1208505	1	311	311
1208360	1208505	1	312	312
1208360	1208505	1	313	313
1208814	1208974	1	310	310
1208814	1208974	1	311	311
1208814	1208974	1	312	312
1208814	1208974	1	313	313
1209679	1210314	1	310	310
1209679	1210314	1	311	311
1209679	1210314	1	312	312
1209679	1210314	1	313	313
1210506	1210633	1	310	310
1210506	1210633	1	311	311
1210506	1210633	1	312	312
1210506	1210633	1	313	313
1210692	1211174	1	310	310
1210692	1211174	1	311	311
1210692	1211174	1	313	313
1210923	1211174	1	312	312
1212645	1212787	1	310	310
1212645	1212787	1	311	311
1212645	1212787	1	312	312
1212645	1212787	1	313	313
1212850	1212931	1	310	310
1212850	1212931	1	311	311
1212850	1212931	1	312	312
1212850	1212931	1	313	313
1212982	1213162	1	311	311
1212982	1213162	1	312	312
1212982	1213319	1	310	310
1212982	1213610	1	313	313
1213044	1213277	2	314	314
1213044	1213277	2	315	315
1213331	1213395	2	314	314
1213331	1213395	2	315	315
1214185	1214279	2	314	314
1214185	1214279	2	315	315
1214333	1214484	2	314	314
1214333	1214484	2	315	315
1216053	1216221	2	314	314
1216053	1216221	2	315	315
1216285	1216415	2	314	314
1216285	1216415	2	315	315
1216467	1216716	2	314	314
1216467	1216716	2	315	315
1216790	1216887	2	314	314
1216790	1216887	2	315	315
1216945	1217102	2	314	314
1216945	1217102	2	315	315
1217333	1217473	2	314	314
1217383	1217473	2	315	315
1219477	1219800	1	316	316
1219483	1219800	1	317	317
1219483	1219800	1	318	318
1222765	1223320	1	319	319
1223419	1223749	1	316	316
1223419	1223749	1	317	317
1223419	1223749	1	318	318
1223419	1223749	1	319	319
1223801	1223920	1	316	316
1223801	1223920	1	317	317
1223801	1223920	1	318	318
1223801	1223920	1	319	319
1223985	1224413	1	316	316
1223985	1224413	1	317	317
1223985	1224413	1	319	319
1224042	1224413	1	318	318
1224987	1225007	1	316	316
1224987	1225007	1	317	317
1225216	1225375	1	316	316
1225216	1225375	1	317	317
1225216	1225375	1	318	318
1225216	1225375	1	319	319
1225433	1225674	1	316	316
1225433	1225674	1	317	317
1225433	1225674	1	318	318
1225433	1225674	1	319	319
1225731	1225889	1	316	316
1225731	1225889	1	317	317
1225731	1225889	1	318	318
1225731	1225889	1	319	319
1225947	1227175	1	317	317
1225947	1227175	1	319	319
1225947	1228192	1	316	316
1225947	1228192	1	318	318
1228814	1230169	2	320	320
1229462	1230169	2	321	321
1229462	1230169	2	322	322
1230230	1230571	2	320	320
1230230	1230571	2	321	321
1230230	1230571	2	322	322
1230624	1231224	2	320	320
1230624	1231224	2	321	321
1230624	1231224	2	322	322
1232378	1233240	2	320	320
1232378	1233240	2	321	321
1232378	1233240	2	322	322
1233305	1233843	2	320	320
1233305	1233843	2	321	321
1233305	1233843	2	322	322
1234031	1234145	2	320	320
1234031	1234145	2	322	322
1234172	1234438	2	321	321
1234223	1234438	2	320	320
1234223	1234438	2	322	322
1234562	1234739	1	323	323
1235608	1235915	1	324	324
1235608	1235915	1	325	325
1235608	1235915	1	326	326
1235608	1235915	1	327	327
1236854	1237235	1	323	323
1236854	1237235	1	324	324
1236854	1237235	1	325	325
1236854	1237235	1	326	326
1236854	1237235	1	327	327
1238404	1238524	1	323	323
1238404	1238524	1	324	324
1238404	1238524	1	325	325
1238404	1238524	1	326	326
1238404	1238524	1	327	327
1245455	1245622	1	323	323
1245455	1245622	1	324	324
1245455	1245622	1	325	325
1245455	1245622	1	326	326
1245455	1245622	1	327	327
1247202	1247377	1	323	323
1247202	1247377	1	324	324
1247202	1247377	1	325	325
1247202	1247377	1	326	326
1247202	1247377	1	327	327
1247444	1247675	1	323	323
1247444	1247675	1	324	324
1247444	1247675	1	325	325
1247444	1247675	1	326	326
1247444	1247675	1	327	327
1247739	1247989	1	323	323
1247739	1247989	1	324	324
1247739	1247989	1	325	325
1247739	1247989	1	326	326
1247739	1247989	1	327	327
1248062	1248076	1	323	323
1248062	1248076	1	325	325
1248062	1248076	1	326	326
1248062	1248076	1	327	327
1248826	1248949	1	325	325
1248826	1249056	1	323	323
1248826	1249056	1	324	324
1248826	1249056	1	326	326
1248826	1249056	1	327	327
1249010	1249056	1	325	325
1249104	1249248	1	323	323
1249104	1249248	1	324	324
1249104	1249248	1	325	325
1249104	1249248	1	326	326
1249104	1249248	1	327	327
1249302	1249408	1	323	323
1249302	1249408	1	324	324
1249302	1249408	1	325	325
1249302	1249408	1	326	326
1249302	1249408	1	327	327
1249477	1249652	1	323	323
1249477	1249652	1	324	324
1249477	1249652	1	325	325
1249477	1249652	1	326	326
1249477	1249652	1	327	327
1249715	1249918	1	326	326
1249715	1249921	1	323	323
1249715	1249921	1	324	324
1249715	1249921	1	325	325
1249715	1249921	1	327	327
1250827	1250963	1	323	323
1250827	1250963	1	324	324
1250827	1250963	1	325	325
1250827	1250963	1	326	326
1250827	1250963	1	327	327
1252028	1252215	1	323	323
1252028	1252215	1	324	324
1252028	1252215	1	325	325
1252028	1252215	1	326	326
1252028	1252215	1	327	327
1252272	1252561	1	323	323
1252272	1252561	1	324	324
1252272	1252561	1	325	325
1252272	1252561	1	326	326
1252272	1252561	1	327	327
1254496	1254608	1	323	323
1254496	1254608	1	324	324
1254496	1254608	1	325	325
1254496	1254608	1	326	326
1254496	1254608	1	327	327
1257731	1257937	1	324	324
1257731	1257937	1	326	326
1257731	1257937	1	327	327
1259567	1259723	1	323	323
1259567	1259723	1	324	324
1259567	1259723	1	325	325
1259567	1259723	1	326	326
1259567	1259723	1	327	327
1265677	1265818	1	323	323
1265677	1265818	1	324	324
1265677	1265818	1	325	325
1265677	1265818	1	326	326
1265677	1265818	1	327	327
1266137	1266304	1	324	324
1266137	1266304	1	325	325
1266137	1266304	1	327	327
1268381	1268690	1	323	323
1268381	1268690	1	324	324
1268381	1268690	1	325	325
1268381	1268690	1	326	326
1268381	1268690	1	327	327
1268754	1269134	1	323	323
1268754	1269134	1	324	324
1268754	1269134	1	325	325
1268754	1269134	1	326	326
1268754	1269134	1	327	327
1274457	1274593	1	323	323
1274457	1274593	1	324	324
1274457	1274593	1	325	325
1274457	1274593	1	326	326
1274457	1274593	1	327	327
1274650	1275484	1	323	323
1274650	1275484	1	324	324
1274650	1275484	1	325	325
1274650	1275484	1	326	326
1274650	1275484	1	327	327
