chr4	53752	53816	-	1,2
chr4	54000	56499	-	1,2
chr4	57084	57141	-	1,2
chr4	61912	63539	-	1,2
chr4	63784	63856	+	3
chr4	66044	66112	+	4
chr4	71089	71141	-	5,6,7
chr4	71240	71370	-	7
chr4	71307	71370	-	5,6
chr4	71884	71939	-	5,6,7
chr4	72581	72642	-	5,6,7
chr4	73011	76456	-	5,7
chr4	73011	76916	-	6
chr4	77176	77865	+	8,9
chr4	78038	80601	+	8,9
chr4	81042	81195	+	8
chr4	81042	83598	+	9
chr4	86148	86625	-	10
chr4	86676	86730	-	10
chr4	87365	87465	-	10,12,13
chr4	87618	87673	-	13
chr4	90476	92946	+	16,20
chr4	90608	92946	+	14,15,17,18,19
chr4	91194	92946	+	21
chr4	92962	93029	+	14,15,16,17,18
chr4	93221	93442	+	14,15,16,17,18,19,20,21
chr4	93489	95693	+	14,15,16,17,18,19,20,21
chr4	95792	103263	+	14,15,16,17,18,19,20,21
chr4	103373	106337	+	14,15,16,17,18,19,20,21
chr4	106426	106478	+	14,15,16,17,18,19,20,21
chr4	106560	107642	+	14,15,16,17,18,19,20,21
chr4	107793	115048	+	14,15,16,17,18,19,20,21
chr4	113900	115048	+	22
chr4	115242	115462	+	16,18,19,20,21,22
chr4	115242	118447	+	14,15,17
chr4	115629	120031	+	16,18,19,20,21,22
chr4	118602	120031	+	14,15,17
chr4	120102	124708	+	17
chr4	120102	128028	+	14,16,18,19,20,21,22
chr4	125155	128028	+	17
chr4	128999	129052	+	18
chr4	135829	135883	-	23
chr4	136631	137311	-	23
chr4	137257	137311	-	24,25,26
chr4	139128	139180	-	23,24,25,26
chr4	139406	139463	-	23,24,25,26
chr4	139558	140513	-	23,24,25,26
chr4	140839	141483	-	23,24,25,26
chr4	142426	142478	-	23,24,25,26
chr4	142583	142934	-	23,24,25,26
chr4	144049	144410	-	23,24,25,26
chr4	144519	149947	-	23,24,25,26
chr4	150069	150180	-	24
chr4	150069	150295	-	25
chr4	150069	150423	-	23
chr4	152914	153811	+	27,28,29,30,31
chr4	153858	154213	+	28,29,30,31
chr4	153862	154213	+	27
chr4	154340	154420	+	29
chr4	154340	155296	+	28,30
chr4	154551	155450	+	29
chr4	155591	157504	+	27,28,29,30,31,33
chr4	156998	157316	+	34
chr4	157404	157504	+	34,35,36
chr4	157794	157848	+	27,28,29,30,31,33,34,35,36
chr4	157959	158016	+	27,28,29,30,31,33,34,35,36
chr4	158379	158432	+	27,28,29,30,31,33,34,35,36
chr4	158937	158999	+	27,28,29,30,31,33,34,35,36
chr4	159201	160447	+	29,30,31,35
chr4	159201	160895	+	27,28,33,34,36
chr4	162754	162825	+	27,28,33,34,36
chr4	171463	172367	+	37
chr4	172757	172820	+	37
chr4	173005	173064	+	37
chr4	173548	173609	+	37
chr4	175592	175652	-	38,39
chr4	175774	176390	-	38,39
chr4	179069	179125	-	40
chr4	179204	179269	-	40,41,42
chr4	179289	179847	-	40,41
chr4	179331	179847	-	42
chr4	180339	180392	-	40,41,42
chr4	180902	180957	-	40,41,42
chr4	181088	181150	-	40,41,42
chr4	181390	181447	-	40,41,42
chr4	185022	185087	-	40,41,42
chr4	185283	185340	-	40,41,42
chr4	185691	194736	-	40,41,42
chr4	194363	194736	-	43,44
chr4	194791	195410	-	40,41,42,43,44
chr4	195595	195735	-	40,41,43
chr4	195595	196141	-	42
chr4	195595	196147	-	44
chr4	196266	196324	+	45
chr4	198619	199403	-	46,47,48
chr4	199463	199562	-	47
chr4	199507	199562	-	46,48
chr4	199661	199717	-	46,47,48
chr4	199838	199886	-	46
chr4	199838	199889	-	47,48
chr4	205241	205295	-	49,50,51,52,53,54
chr4	205422	206452	-	49,50,51,52,53,54
chr4	206543	206603	-	49,50,51,52,53,54
chr4	207467	208622	-	49,50,51,52,53,54
chr4	208796	208855	-	49,50,51,52,53,54
chr4	208996	209050	-	49,50,51,52,53,54
chr4	209150	209203	-	49,50,51,52,53,54
chr4	209875	210151	-	50
chr4	209875	210623	-	49,51,53,54
chr4	209875	214298	-	52
chr4	210688	211934	-	51
chr4	210688	213969	-	54
chr4	210688	214170	-	49
chr4	210688	214298	-	53
chr4	212013	213969	-	51
chr4	222010	222066	-	56,57
chr4	222285	224605	-	56,57
chr4	225201	225265	-	57
chr4	225219	225265	-	56
chr4	225419	226284	-	56
chr4	225419	226366	-	57
chr4	230989	231063	+	59,63
chr4	231113	231183	+	58,59,60,62,63,64
chr4	231113	231207	+	61
chr4	231302	232264	+	62
chr4	231307	232215	+	60,61,63,64
chr4	231307	232479	+	59
chr4	231307	233253	+	58
chr4	232421	232479	+	60,61,62,63,64
chr4	232609	232740	+	60
chr4	232609	233253	+	59,61,62,63,64
chr4	232901	233253	+	60
chr4	233356	233416	+	58,59,60,61,62,63,64
chr4	235894	235955	-	65,66
chr4	236187	238031	-	65,66
chr4	238121	238873	-	65,66
chr4	239007	239071	-	65,66
chr4	239517	240516	-	65,66
chr4	240655	240769	-	65,66
chr4	241064	243166	-	65,66
chr4	243225	243279	-	65,66
chr4	243363	243416	-	65,66
chr4	243639	244182	-	65,66
chr4	244513	244570	-	65,66
chr4	245066	246387	-	65,66
chr4	247177	248301	-	65
chr4	248867	249530	+	67
chr4	249501	249556	-	68
chr4	250198	250536	+	67
chr4	251522	252560	+	69
chr4	252227	252560	+	70,73,74,76
chr4	252254	252560	+	71,72,75,77
chr4	252604	252904	+	69,71,72,76,78
chr4	252604	254890	+	70,73,74,75,77
chr4	253475	254890	+	69,71,72,76,78
chr4	254972	255489	+	69,73,74
chr4	254972	257020	+	70,71,72,75,76,77,78
chr4	255571	257020	+	69,73,74
chr4	257102	257894	+	69,70,71,72,73,74,75,76,77,78
chr4	258186	260563	+	73
chr4	258186	260939	+	69,70,71,72,74,75,76,77,78
chr4	260699	260939	+	73
chr4	261025	261270	+	70,71,72,73,74,75,76,77,78
chr4	261025	263891	+	69
chr4	261460	263086	+	70,71,73,74,76,78
chr4	261460	263113	+	72
chr4	261460	263891	+	77
chr4	263306	263795	+	70,71,73,74,76,78
chr4	263306	263891	+	72
chr4	264212	264259	+	69,70,71,72,73,74,76,77,78
chr4	264375	265043	+	73,74
chr4	264375	265805	+	69,70,71,72,76,77,78
chr4	265461	265805	+	73,74
chr4	267855	270182	-	79,80
chr4	270362	270415	-	79,80
chr4	270604	270659	-	79,80
chr4	270763	270815	-	79,80
chr4	270870	271940	-	79,80
chr4	272152	272680	-	79,80
chr4	272797	273284	-	79
chr4	272797	273449	-	80
chr4	273338	273449	-	79
chr4	273640	273826	-	80
chr4	278031	278937	+	81,82,83,84
chr4	279093	279153	+	81,82,83,84
chr4	279299	279903	+	81,82,83,84
chr4	279997	280072	+	81,82,83,84
chr4	280231	281855	+	81,82,83,84
chr4	282138	282199	+	81,82,83,84
chr4	282351	282402	+	81,82,83,84
chr4	282689	283008	+	84
chr4	282689	283831	+	82,83
chr4	283967	284977	+	82,83
chr4	285056	285111	+	83
chr4	285056	285153	+	82
chr4	285297	285369	+	82,83
chr4	291126	291185	-	85,86
chr4	291382	291694	-	85,86
chr4	292474	292540	-	85,86
chr4	292787	292851	-	85
chr4	292799	292851	-	86
chr4	293035	293740	-	85,86
chr4	294339	294386	-	85,86
chr4	294543	296205	-	85,86
chr4	296346	296916	-	85,86
chr4	300866	300950	-	89,90,91,92
chr4	300866	302349	-	88
chr4	301058	301122	-	91
chr4	301164	302349	-	89,90,91,92
chr4	302519	302573	-	88,89,90,91,92
chr4	302655	303061	-	88,89,90,91,92
chr4	303365	322867	-	88,89,90,91,92
chr4	322950	323011	-	88,89,90,91,92
chr4	323153	325641	-	88,90,91,92
chr4	323153	325986	-	89
chr4	325805	326321	-	90
chr4	325805	326357	-	92
chr4	325805	326685	-	88
chr4	325805	327065	-	91
chr4	328916	329038	+	94
chr4	328916	329056	+	93,95
chr4	329706	330164	+	93,94,95
chr4	330260	330319	+	93,94,95
chr4	330644	330704	+	93,94,95
chr4	333925	333982	-	96,97,98,99
chr4	334269	334324	-	98
chr4	334269	334373	-	97,99
chr4	334269	334645	-	96
chr4	335584	337018	+	100
chr4	335806	337018	+	101
chr4	337136	340074	+	101
chr4	337136	340077	+	100
chr4	340668	348790	+	100
chr4	350055	350896	-	103,104,105,107,108,109
chr4	350055	358161	-	102
chr4	350055	363547	-	106
chr4	350966	352023	-	107
chr4	350966	358161	-	103
chr4	350966	363547	-	104,105,108,109
chr4	352629	363547	-	107,110,111
chr4	355700	363547	-	112
chr4	358174	363547	-	102,103
chr4	363687	369620	-	102,103,104,105,106,107,108,109,110,111,112
chr4	369773	369838	-	102,103,104,105,106,107,108,109,110,111,112
chr4	370051	370106	-	102,103,104,105,106,107,108,109,110,111,112
chr4	370306	370355	-	102,103,104,105,106,107,108,109,110,111,112
chr4	370670	371228	-	102,103,104,105,106,107,108,109,110,111,112
chr4	371317	371390	-	102,103,104,105,106,107,108,109,110,111,112
chr4	371836	372211	-	102,103,104,105,106,107,108,109,110,111,112
chr4	372454	372509	-	102,103,104,105,106,107,108,109,110,111,112
chr4	372753	372806	-	102,103,104,105,106,107,108,109,110,111,112
chr4	373217	374568	-	102,103,105,106,107,108,109,110,111,112
chr4	373217	374976	-	104
chr4	374605	374976	-	102,103,105,106,107,108,109,110,111,112
chr4	375188	375305	-	102,103,104,105,106,107,108,109,110,111,112
chr4	375593	375656	-	102,103,104,105,106,107,108,109,110,111,112
chr4	375852	375935	-	102,103,104,105,106,107,108,109,110,111,112
chr4	376108	379175	-	102,106,107,109,110,111,112
chr4	376108	379257	-	103,104,108
chr4	376108	379469	-	105
chr4	380607	381212	+	114,117
chr4	380911	381212	+	113,116
chr4	380985	381212	+	115
chr4	381633	382929	+	113,114,115,116,117
chr4	383240	383296	+	113,114,115,116,117
chr4	383509	383571	+	113,114,115,116,117
chr4	383761	384119	+	113,114,115,116,117
chr4	384266	384493	+	113,114,117
chr4	384266	384649	+	116
chr4	384272	384493	+	115
chr4	385568	386299	+	113,114,115,116,117
chr4	386432	386485	+	115
chr4	387389	390132	+	113,114,115,116,117
chr4	390371	390435	+	113,114,115,116,117
chr4	390591	391716	+	113,114,115,116,117
chr4	391984	392438	+	113,114,115,116,117
chr4	392803	392875	+	113,114,115,116,117
chr4	397258	397719	-	118,119,120,121
chr4	398296	398383	-	118,119,120,121
chr4	398452	398510	-	118,119,120,121
chr4	398829	399021	-	118,119,120,121
chr4	399158	399341	-	121
chr4	399188	399341	-	118,119,120
chr4	399527	402748	-	118,119,120,121
chr4	401438	401670	+	122
chr4	403035	407532	-	118,119,120,121
chr4	407611	408454	-	118
chr4	407611	411050	-	119,120,121
chr4	412171	413888	-	120,121
chr4	412171	414487	-	119
chr4	448338	450122	+	126
chr4	459545	459600	-	127
chr4	459792	460073	-	127
chr4	462078	462805	-	127
chr4	463016	463489	-	127
chr4	463781	463838	-	127
chr4	466275	467726	+	129
chr4	467113	467256	+	130,131
chr4	467378	467446	+	131,132
chr4	467662	467726	+	128,130,131,132
chr4	467862	470549	+	128,131,132
chr4	467862	470867	+	129,130
chr4	470595	470867	+	128,131,132
chr4	470943	470996	+	128,129,130,131,132
chr4	471136	471815	+	128,129,130,131,132
chr4	472081	473243	+	128,129,130,131,132
chr4	473371	473428	+	128,129,130,131,132
chr4	473517	473597	+	128,129,130,131,132
chr4	480534	480681	+	133
chr4	480768	480828	-	134
chr4	481283	481339	-	134
chr4	481674	482130	-	134
chr4	482955	483013	-	134
chr4	483128	483680	-	134
chr4	485367	485422	-	134
chr4	485942	487126	-	134
chr4	488320	488376	+	135
chr4	488621	489782	+	135
chr4	489957	491639	+	135
chr4	493147	493203	-	136,137,138,139
chr4	493304	493772	-	136,137,138,139
chr4	494346	495078	-	136,137,138,139,140,141,142,143,144
chr4	495395	495585	-	136,137,139,140,141,142,144
chr4	495395	497917	-	143
chr4	495731	497588	-	136,137,138,139,140,141,142,144
chr4	497729	497917	-	136,137,138,139,140,141,142,144
chr4	498710	499163	-	136,137,138,139,140,141,142,143,144
chr4	499365	499425	-	136,137,138,139,140,141,142,144
chr4	499365	500660	-	143
chr4	499495	500660	-	136,137,138,139,140,141,142,144
chr4	500865	500927	-	136,137,138,139,140,141,142,143,144
chr4	501318	501401	-	136,137,138,139,140,141,142,143,144
chr4	501768	501834	-	136,137,138,139,140,141,142,143,144
chr4	502331	502436	-	139,143,144
chr4	502331	503109	-	137
chr4	502331	504126	-	138,141
chr4	502331	505835	-	136,142
chr4	502331	509473	-	140
chr4	522484	524476	+	145,146,147
chr4	524765	536207	+	145,146,147
chr4	536258	542098	+	145,146,147
chr4	543731	544956	+	145,146,147
chr4	545139	545529	+	145,146,147
chr4	547147	550318	+	145,146,147
chr4	551720	551781	+	145,146
chr4	551720	551784	+	147
chr4	552006	552061	+	145,146,147
chr4	552410	553408	+	145,146
chr4	552410	553411	+	147
chr4	553553	553608	+	145,146,147
chr4	556507	557591	+	146
chr4	556507	557800	+	145,147
chr4	557702	557800	+	146
chr4	558387	559163	+	145,147
chr4	559231	559284	+	145,147
chr4	568770	569884	-	148,149,150
chr4	570248	570339	-	148,149,150
chr4	570500	571379	-	148,149,150
chr4	572007	572616	-	148,149,150
chr4	574368	578068	-	148,149,150
chr4	577984	578068	-	151
chr4	578795	580720	+	152
chr4	578795	580723	+	153
chr4	578896	580720	+	155
chr4	578927	580720	+	154,156
chr4	578927	580723	+	157
chr4	580520	580720	+	158
chr4	580927	580974	+	152,153,155,157,158
chr4	580927	580997	+	154,156
chr4	581038	581096	+	152,153,154,155,156,157,158
chr4	581210	581343	+	152,153,154,155,156,157,158
chr4	581447	584986	+	152,153,154,155,156,157,158
chr4	585106	585166	+	152,153,154,155,156,157,158
chr4	585289	586032	+	152,155,156
chr4	585289	586035	+	153,154,157,158
chr4	586142	586226	+	152,153,154,155,156,157,158
chr4	589683	589739	-	159,160
chr4	589928	590600	-	159,160
chr4	590803	590859	-	159,160
chr4	590970	591034	-	159,160
chr4	591160	591229	-	159,160
chr4	591408	592160	-	159
chr4	592490	594238	+	163
chr4	592593	594238	+	162
chr4	592798	594238	+	161
chr4	595055	595960	+	161,162,163
chr4	596272	596327	+	161,162,163
chr4	596952	597604	+	161,162,163
chr4	603852	604414	+	164
chr4	603879	604414	+	165
chr4	604490	604561	+	164,165
chr4	604645	605387	+	164,165
chr4	605558	605615	+	164,165
chr4	605801	605923	+	164,165
chr4	606399	606465	+	164,165
chr4	606565	607527	+	164,165
chr4	607720	608468	+	164,165
chr4	608669	609197	+	164,165
chr4	622156	622382	-	167,168
chr4	622562	623937	-	167,168
chr4	624879	625628	-	167,168
chr4	627371	628062	-	168
chr4	631523	631910	+	169,170,171,172,173,174
chr4	632065	632138	+	169,171
chr4	632282	632352	+	169,170,171,172,173,174
chr4	632433	634240	+	169,170,171,172,173,174
chr4	634422	634562	+	169,170,171,172,173,174
chr4	635049	635661	+	169,170,171,172,173,174
chr4	636550	636630	+	169,170,171,172,173,174
chr4	636808	637929	+	169,170,174
chr4	636808	638973	+	171,172,173
chr4	637978	638973	+	169,170,174
chr4	639103	639161	+	169,170,171,172,173,174
chr4	639258	639318	+	169,170,171,172,173,174
chr4	639690	640262	+	169,170,171,172,173,174
chr4	640410	640473	+	169,170,171,172,173,174
chr4	640734	640879	+	169
chr4	640804	640879	+	170,171,172,173
chr4	642499	642554	+	172
chr4	645290	645397	-	175
chr4	650606	652252	+	177,178
chr4	652521	652653	+	177,178
chr4	652756	652833	+	177,178
chr4	653015	653073	+	177,178
chr4	653342	653954	+	177,178
chr4	654059	654116	+	177,178
chr4	654487	654546	+	177
chr4	654487	654586	+	178
chr4	654751	654802	+	177,178
chr4	654971	655035	+	177,178
chr4	657245	659640	-	179,180,181
chr4	659830	659958	-	179,180,181
chr4	660161	660218	-	179,180
chr4	660675	660732	-	179,180,181
chr4	660835	660898	-	180
chr4	660838	660898	-	179,181
chr4	661103	661158	-	179,180,181
chr4	661363	662901	-	179,180,181
chr4	663055	663117	-	179,180,181
chr4	663355	664614	-	179,180,181
chr4	664782	666574	-	179,180,181
chr4	666809	666858	-	179,180,181
chr4	667021	667070	-	179,180,181
chr4	671657	672930	-	182,183,184,185,186,187
chr4	673205	673271	-	183
chr4	673211	673271	-	182,184,185,186,187
chr4	673460	673526	-	182
chr4	673469	673526	-	183,184,185,186,187
chr4	673678	674495	-	182,183,184,185,186,187
chr4	674675	675130	-	182,183,184,185,186,187
chr4	675425	675686	-	182,183,184,185,186,187
chr4	676062	676841	-	182,183,184,185,186,187
chr4	678311	678527	-	182,183,184,185,186,187
chr4	679135	680185	-	187
chr4	679135	680503	-	184
chr4	679135	680546	-	185
chr4	679135	681054	-	183,186
chr4	679135	681671	-	182
chr4	682607	683390	-	182
chr4	684369	684480	+	188,189,190
chr4	684967	685613	+	188,190
chr4	684967	686576	+	189
chr4	685932	686576	+	188,190
chr4	687559	689045	+	189,190
chr4	687559	689755	+	188
chr4	689201	689755	+	189,190
chr4	691793	691872	+	192
chr4	692014	701065	+	192
chr4	692243	701065	+	191
chr4	700931	701065	+	193
chr4	701762	705206	+	191,192,193,194
chr4	712986	713050	-	195,196,197
chr4	713470	714006	-	195,196,197
chr4	715043	715839	-	195,197
chr4	715043	716322	-	196
chr4	715964	716322	-	195
chr4	718510	731542	+	198
chr4	725900	728117	+	199
chr4	725900	731542	+	200
chr4	728298	731542	+	199,201
chr4	731709	733118	+	198,199,200,201
chr4	733300	734483	+	198,199,200,201
chr4	735139	737752	+	198,199,200,201
chr4	737927	738279	+	198,199,200,201
chr4	738556	739899	+	198,199,200,201
chr4	740255	740947	+	198,199,200,201
chr4	745118	746294	+	202,203,204
chr4	746014	746294	+	205
chr4	746656	747287	+	202,204,205
chr4	746656	747557	+	203,206
chr4	747310	748086	+	202,204,205
chr4	747589	748086	+	203,206
chr4	748250	748729	+	202,203,204,205,206
chr4	748872	749298	+	202,203
chr4	748872	751402	+	204,205,206
chr4	749441	749627	+	202,203
chr4	749829	749899	+	202,203
chr4	750202	751402	+	202,203
chr4	751627	751688	+	202,203,204,205,206
chr4	752092	752185	+	202,203,204,205,206
chr4	752860	753842	+	202,203,204
chr4	752860	754545	+	205,206
chr4	754191	754545	+	202,203,204
chr4	754591	754904	+	202,203,204,205,206
chr4	755028	755103	+	202,203,204,205,206
chr4	755164	755339	+	202,203,204,205
chr4	755164	756140	+	206
chr4	755439	756140	+	202,203,204,205
chr4	756450	756530	+	202,203,204,205,206
chr4	756657	756774	+	202,203,204,205
chr4	756657	758361	+	206
chr4	756814	756964	+	202,205
chr4	756814	757444	+	203,204
chr4	757142	757444	+	202,205
chr4	757673	758361	+	202,203,204,205
chr4	758536	759578	+	202,203,204,205
chr4	758536	763028	+	206
chr4	759615	760574	+	202,205
chr4	759615	763028	+	203,204
chr4	760608	763028	+	202,205
chr4	763177	763413	+	202,203,204,205,206
chr4	763788	764150	+	206
chr4	763788	765791	+	202,203,204,205
chr4	764229	765791	+	206
chr4	765918	765997	+	202,203,204,205,206
chr4	766698	767101	+	202,203,204,205,206
chr4	767456	767932	+	202,203,204,205,206
chr4	769646	771195	+	202,203,204,205,206
chr4	772096	772802	+	202,203,204,205,206
chr4	773567	773650	+	202,203,204,205,206
chr4	773787	773963	+	202,203,204,205,206
chr4	774855	774912	+	202,203,204,205,206
chr4	777586	778146	+	202,203,204,205,206
chr4	778429	778490	+	202,203,204,205,206
chr4	778791	778845	+	202,203,204,205,206
chr4	788317	788387	+	202,203,204,205,206
chr4	789367	789429	+	202,203,204,205,206
chr4	789772	791178	+	202,203,204,205,206
chr4	792222	793028	+	202,203,204,205
chr4	792222	794642	+	206
chr4	793086	794642	+	202,203,204,205
chr4	794744	794810	+	202,203,204,205,206
chr4	794938	795002	+	202,203,204,205,206
chr4	795306	795540	+	202,203,204,205,206
chr4	802296	803799	-	208,209
chr4	803872	803927	-	208,209
chr4	804564	806817	-	208,209
chr4	807653	807706	-	208,209
chr4	807836	808077	-	209
chr4	807836	809520	-	208
chr4	822737	823023	-	210,211,212,213
chr4	823954	824471	-	212
chr4	823954	827447	-	211
chr4	823954	827811	-	213
chr4	823954	844126	-	210
chr4	827583	827811	-	211
chr4	844245	848484	-	210
chr4	848551	854004	-	210
chr4	859698	864917	-	214
chr4	874394	875881	-	216
chr4	876262	876311	-	216,217,218,219
chr4	876467	880932	-	216,217,218,219
chr4	881008	881065	-	216,217,218,219
chr4	882014	882418	-	216,217,218,219
chr4	885038	885973	-	216,217,218,219
chr4	886269	886327	-	216,217,218,219
chr4	886478	886556	-	218,219
chr4	886499	886556	-	216,217
chr4	886921	887595	-	217,218
chr4	886921	887601	-	216,219
chr4	888653	888727	+	220
chr4	892281	892345	-	221,222,223,224,225,226,227
chr4	892473	892537	-	221,222,223,224,225,226,227
chr4	892701	892752	-	221,222,223,224,225,226,227
chr4	892852	893839	-	221,222,223,224,225,226,227
chr4	894198	894260	-	221,222,223,224,225,226,227
chr4	894553	894619	-	221,222,223,224,225,226,227
chr4	894787	894871	-	221,222,223,224,225,226,227
chr4	895094	895828	-	221,222,223,224,225,226,227
chr4	896111	896168	-	221,222,223,224,225,226,227
chr4	896337	896739	-	221,222,223,224,225,226,227
chr4	896866	896921	-	221,222,223,224,225,226,227
chr4	897081	897142	-	221,222,223,224,225,226,227
chr4	897416	897495	-	221,222,223,224,225,226,227
chr4	897821	899476	-	221,222,224,225,226,227
chr4	897821	903586	-	223
chr4	899619	902468	-	221,227
chr4	899619	903242	-	222,224,225,226
chr4	902576	903586	-	221,227
chr4	903350	903586	-	222,224,225,226
chr4	903708	903768	-	221,222,223,224,225,226,227
chr4	903989	904192	-	221,222,223,224,225,226,227
chr4	904268	904671	-	223
chr4	904268	906385	-	221,222,225,227
chr4	904269	904498	-	224,226
chr4	904505	906383	-	224,226
chr4	904749	906383	-	223
chr4	906518	907590	-	224,225
chr4	906518	919018	-	221,222,223,226,227
chr4	913467	913519	-	224,225
chr4	913576	914130	-	224,225
chr4	922861	922932	-	223
chr4	923209	923451	-	223
chr4	923909	923962	-	221,222,223,226,227
chr4	924098	924258	-	221
chr4	924098	924986	-	222,223,226,227
chr4	926590	926653	-	222
chr4	927624	927699	-	222
chr4	928177	928245	-	222
chr4	928551	929704	-	222
chr4	929811	932812	-	222
chr4	936180	936242	-	230,231,232
chr4	936345	936462	-	230,231,232
chr4	936686	936746	-	230,231,232
chr4	936894	937492	-	230,231,232
chr4	937717	937900	-	230,231,232
chr4	938370	938949	-	230,231,232
chr4	939108	939161	-	230,231,232
chr4	939403	939528	-	230,231,232
chr4	941826	945708	-	230,231,232
chr4	945765	946200	-	230,231,232
chr4	946313	946393	-	230,231,232
chr4	946575	946636	-	230,231,232
chr4	947288	948018	-	231
chr4	947288	950447	-	230,232
chr4	948778	950447	-	231
chr4	950650	950705	-	230,231,232
chr4	950758	950907	-	230
chr4	950758	951137	-	231,232
chr4	957556	958957	+	233,234,235,236
chr4	959744	960799	+	233,235,236
chr4	959744	963392	+	234
chr4	961344	963392	+	233,235,236
chr4	963647	963728	+	233,234,235,236
chr4	963836	964173	+	233,234,236
chr4	964300	964359	+	233,234,235,236
chr4	964880	964931	+	233,234,236
chr4	965228	966850	+	233,234,236
chr4	972704	972763	-	237,238,239,240
chr4	973088	974138	-	237,238,239,240
chr4	974433	974645	-	237
chr4	974526	974645	-	238,239,240
chr4	974853	975114	-	237,238,239,240
chr4	975490	975546	-	237,238,239,240
chr4	975677	977170	-	237,238,239,240
chr4	978516	978631	-	237,238,239,240
chr4	978750	978914	-	240
chr4	978750	978939	-	239
chr4	980473	983029	+	243
chr4	980665	982876	+	242,244
chr4	982974	983026	+	242
chr4	982974	983029	+	244
chr4	983355	984346	-	245,246,247
chr4	984745	984797	-	245,246,247
chr4	986266	989552	-	245
chr4	986266	992663	-	246,247
chr4	989777	989881	-	245
chr4	992765	993234	-	247
chr4	992765	998832	-	246
chr4	993294	995730	-	247
chr4	996187	996324	-	247
chr4	996189	997391	+	249
chr4	996400	996512	-	247
chr4	996533	997391	+	250
chr4	1011129	1012691	+	252,253
chr4	1012873	1017137	+	252,253
chr4	1017376	1018332	+	252,253
chr4	1018510	1019248	+	252,253
chr4	1019320	1024783	+	253
chr4	1019332	1024783	+	252
chr4	1025000	1025095	+	253
chr4	1025039	1025095	+	252
chr4	1025245	1026432	+	252,253
chr4	1026636	1026691	+	252,253
chr4	1034395	1034943	-	254,255,256,257
chr4	1035153	1035208	-	254,255,256,257
chr4	1035355	1035403	-	254,255,256,257
chr4	1035535	1035591	-	254,255,256,257
chr4	1035928	1036050	-	254
chr4	1035979	1036050	-	255,256,257
chr4	1036247	1037001	-	254,255,256,257
chr4	1039336	1039395	-	254,255,256,257
chr4	1040642	1042867	-	254,255
chr4	1040642	1046841	-	257
chr4	1040642	1047588	-	256
chr4	1044307	1047395	-	254
chr4	1044307	1047588	-	255
chr4	1047162	1047632	-	257
chr4	1048509	1049335	+	258
chr4	1048955	1049335	+	259
chr4	1051404	1052177	-	263
chr4	1051404	1052220	-	261
chr4	1052369	1052428	+	264
chr4	1052580	1053514	+	264
chr4	1052580	1053532	+	265,266
chr4	1053845	1053897	+	264,265,266
chr4	1058049	1058101	-	267,268,269,270,271,272,273,274,275,276,277,278
chr4	1058196	1058271	-	270,271,272
chr4	1058217	1058271	-	267,268,269,273,274,275,276,277,278
chr4	1058367	1058984	-	267,268,269,270,271,272,273,274,275,276,277,278
chr4	1059061	1060638	-	267,270,271,274
chr4	1059061	1065781	-	272
chr4	1059064	1060638	-	277
chr4	1059064	1064093	-	273,275
chr4	1059064	1065781	-	269,276,278
chr4	1059085	1064093	-	268
chr4	1060705	1064093	-	267,271,274,277
chr4	1060705	1065781	-	270
chr4	1064148	1065781	-	271
chr4	1064151	1065781	-	267,268,273,274,275,277
chr4	1065875	1067889	-	267,268,269,270,271,272,273,274,275,276,277,278
chr4	1068017	1068078	-	267,268,269,270,271,272,273,274,275,276,277,278
chr4	1068202	1068260	-	267,268,269,270,271,272,273,274,275,276,277,278
chr4	1068356	1068448	-	267,268,269,270,271,272,273,274,275,276,277,278
chr4	1068775	1069129	-	267,268,269,270,271,272,273,274,275,276,277,278
chr4	1069185	1069812	-	267,268,269,270,271,272,273,274,275,276,277,278
chr4	1069873	1070923	-	267,268,269,270,271,272,273,274,275,276,277,278
chr4	1071019	1071080	-	267,268,269,270,271,272,273,274,275,276,277,278
chr4	1071236	1071319	-	267,278
chr4	1071236	1071884	-	275
chr4	1071236	1071968	-	276,277
chr4	1071236	1074123	-	268,269,270,271,272,273,274
chr4	1071386	1071968	-	267
chr4	1078199	1078258	-	279,280,281,282,283
chr4	1078380	1078432	-	279,280,281,282,283
chr4	1078782	1078835	-	279,280,281,282,283
chr4	1079131	1079726	-	279,280,281,282,283
chr4	1079915	1080044	-	281
chr4	1079978	1080044	-	279,280,282,283
chr4	1080463	1081038	-	279,281,283
chr4	1080463	1081398	-	282
chr4	1080463	1084870	-	280
chr4	1081261	1081366	-	281
chr4	1081261	1084870	-	279
chr4	1081280	1081366	-	283
chr4	1081763	1085709	+	284
chr4	1083546	1085709	+	285
chr4	1085008	1085448	-	279,280
chr4	1085649	1085709	+	286,287
chr4	1085810	1086481	+	284,285,286,287
chr4	1086512	1086565	+	284,285,286,287
chr4	1093732	1093786	+	284,285,286,287
chr4	1094008	1094064	+	284,285,286,287
chr4	1096184	1096241	+	284,285,286,287
chr4	1096363	1096417	+	284,285,286,287
chr4	1098456	1098511	-	288
chr4	1099146	1099198	-	288
chr4	1099456	1100882	-	288
chr4	1101834	1102752	-	288
chr4	1103900	1105239	-	288
chr4	1109503	1112884	+	291
chr4	1109689	1112884	+	289,290,292,293,294
chr4	1113255	1116201	+	289,290,291,292,293,294
chr4	1116343	1116419	+	289,290,291,292,293,294
chr4	1116459	1122559	+	289,290,291,292,293,294
chr4	1119585	1122559	+	295
chr4	1122726	1124160	+	289,290,291,292,293,294,295
chr4	1124359	1126777	+	289,290,291,292,293,294,295
chr4	1127224	1128324	+	289,290,291,292,293,294,295
chr4	1128417	1128723	+	289,290,291,292,293,294,295
chr4	1128971	1129099	+	289,290,292,293
chr4	1128971	1129105	+	291
chr4	1128971	1131406	+	294,295
chr4	1129199	1129734	+	289,291,293
chr4	1129199	1131406	+	290,292
chr4	1130227	1131406	+	289,291,293
chr4	1131515	1131913	+	291,292,293,294,295
chr4	1136521	1136581	-	296,297,298
chr4	1136524	1136581	-	299
chr4	1136706	1136951	-	296,297,298,299
chr4	1137083	1137140	-	296,297,298,299
chr4	1137225	1137285	-	296,297,298,299
chr4	1137841	1138476	-	296,297,298,299
chr4	1138532	1138593	-	296,297,298,299
chr4	1139644	1140562	-	296,297,298,299
chr4	1140674	1140731	-	296,297,298,299
chr4	1141233	1141284	-	296,297,298,299
chr4	1141428	1142084	-	296,297,298,299
chr4	1142249	1143453	-	296,297
chr4	1142249	1143848	-	298,299
chr4	1144958	1145061	+	300,301
chr4	1145325	1145393	+	300,301
chr4	1145520	1145575	+	300,301
chr4	1147379	1147434	+	302,303,304
chr4	1147568	1147627	+	302,303,304
chr4	1148042	1149114	+	302,303,304
chr4	1149282	1150060	+	302,303,304
chr4	1150115	1150191	+	302,303,304
chr4	1150357	1150650	+	302,303,304
chr4	1150810	1151008	+	302,303,304
chr4	1151213	1151818	+	302,303,304
chr4	1152023	1152114	+	302,303,304
chr4	1152220	1152326	+	302,303,304
chr4	1152585	1152710	+	303
chr4	1152585	1154500	+	302,304
chr4	1153200	1154500	+	303
chr4	1154699	1154777	+	303
chr4	1154699	1155719	+	302,304
chr4	1156111	1156164	+	302,304
chr4	1160627	1161112	-	305,306,307
chr4	1161528	1161585	-	305,306,307
chr4	1161994	1164074	-	305,306,307
chr4	1164192	1164252	-	305,306,307
chr4	1164495	1164610	-	305,306,307
chr4	1164740	1165591	-	307
chr4	1164740	1167095	-	305
chr4	1164740	1182391	-	306
chr4	1165727	1165833	-	307
chr4	1165948	1166666	-	307
chr4	1168245	1169614	+	308
chr4	1169840	1185507	+	308
chr4	1186114	1186175	+	308
chr4	1186994	1187291	+	308
chr4	1193657	1193709	-	309,310
chr4	1193830	1194431	-	309,310
chr4	1194724	1194784	-	309,310
chr4	1195555	1195607	-	309,310
chr4	1195750	1201673	-	309,310
chr4	1201908	1201993	-	309
chr4	1201908	1202215	-	310
chr4	1206461	1207098	+	313
chr4	1206593	1207098	+	311,312
chr4	1206846	1206954	+	314
chr4	1207261	1208147	+	311,312,313,314
chr4	1208199	1208360	+	311,314
chr4	1208241	1208360	+	312,313
chr4	1208507	1208814	+	311,312,313,314
chr4	1208976	1209679	+	311,312,313,314
chr4	1210316	1210506	+	311,312,313,314
chr4	1210635	1210692	+	311,312,314
chr4	1210635	1210923	+	313
chr4	1211176	1212645	+	311,312,313,314
chr4	1212789	1212850	+	311,312,313,314
chr4	1212933	1212982	+	311,312,313,314
chr4	1213279	1213331	-	315,316
chr4	1213397	1214185	-	315,316
chr4	1214281	1214333	-	315,316
chr4	1214486	1216053	-	315,316
chr4	1216223	1216285	-	315,316
chr4	1216417	1216467	-	315,316
chr4	1216718	1216790	-	315,316
chr4	1216889	1216945	-	315,316
chr4	1217104	1217333	-	315
chr4	1217104	1217383	-	316
chr4	1219802	1223419	+	317,318,319
chr4	1223322	1223419	+	320
chr4	1223751	1223801	+	317,318,319,320
chr4	1223922	1223985	+	317,318,320
chr4	1223922	1224042	+	319
chr4	1224415	1224987	+	317,318
chr4	1224415	1225216	+	319,320
chr4	1225009	1225216	+	317,318
chr4	1225377	1225433	+	317,318,319,320
chr4	1225676	1225731	+	317,318,319,320
chr4	1225891	1225947	+	317,318,319,320
chr4	1230171	1230230	-	321,322,323
chr4	1230573	1230624	-	321,322,323
chr4	1231226	1232378	-	321,322,323
chr4	1233242	1233305	-	321,322,323
chr4	1233845	1234031	-	321,323
chr4	1233845	1234172	-	322
chr4	1234147	1234223	-	321,323
chr4	1234741	1236854	+	324
chr4	1235917	1236854	+	325,326,327,328
chr4	1237237	1238404	+	324,325,326,327,328
chr4	1238526	1245455	+	324,325,326,327,328
chr4	1245624	1247202	+	324,325,326,327,328
chr4	1247379	1247444	+	324,325,326,327,328
chr4	1247677	1247739	+	324,325,326,327,328
chr4	1247991	1248062	+	324,326,327,328
chr4	1247991	1248826	+	325
chr4	1248078	1248826	+	324,326,327,328
chr4	1248951	1249010	+	326
chr4	1249058	1249104	+	324,325,326,327,328
chr4	1249250	1249302	+	324,325,326,327,328
chr4	1249410	1249477	+	324,325,326,327,328
chr4	1249654	1249715	+	324,325,326,327,328
chr4	1249920	1250827	+	327
chr4	1249923	1250827	+	324,325,326,328
chr4	1250965	1252028	+	324,325,326,327,328
chr4	1252217	1252272	+	324,325,326,327,328
chr4	1252563	1254496	+	324,325,326,327,328
chr4	1254610	1257731	+	325,327,328
chr4	1254610	1259567	+	324,326
chr4	1257939	1259567	+	325,327,328
chr4	1259725	1265677	+	324,325,326,327,328
chr4	1265820	1266137	+	325,326,328
chr4	1265820	1268381	+	324,327
chr4	1266306	1268381	+	325,326,328
chr4	1268692	1268754	+	324,325,326,327,328
chr4	1269136	1274457	+	324,325,326,327,328
chr4	1274595	1274650	+	324,325,326,327,328
