3110
0	647	0
713	895	648
3396	3979	831
4038	8807	1415
10436	11300	6185
0	313	0
379	561	314
3062	3645	497
3704	8473	1081
10102	10966	5851
0	383	0
457	600	384
0	643	0
713	1300	644
0	2752	0
2806	2970	2753
3035	3547	2918
3604	4244	3431
4307	4674	4072
8121	8621	4440
0	2752	0
2806	2903	2753
3035	3547	2851
3604	4244	3364
4307	4674	4005
8121	8621	4373
0	2752	0
2806	2970	2753
3035	3547	2918
3604	4244	3431
4307	4674	4072
8581	9331	4440
0	52	0
743	914	53
3479	3918	225
4073	4477	665
0	52	0
743	914	53
3479	3918	225
6476	6627	665
0	296	0
775	824	297
880	1513	347
1615	1982	981
0	68	0
0	541	0
643	1010	542
0	541	0
643	794	542
851	1010	694
0	655	0
2995	3009	656
3078	3268	671
3491	3536	862
5742	5839	908
13312	13420	1006
16386	16473	1115
16527	16607	1203
17691	17840	1284
25097	25289	1434
28496	28649	1627
30080	32093	1781
0	523	0
2995	3009	524
3078	3268	539
3491	3536	730
5742	5839	776
13312	13420	874
16386	16473	983
16527	16607	1071
17691	17840	1152
25097	25289	1302
25511	25676	1495
30080	30149	1661
38077	39368	1731
0	655	0
2995	3009	656
3078	3268	671
3491	3536	862
5742	5839	908
13312	13420	1006
16386	16473	1115
16527	16607	1203
17691	17840	1284
25097	25289	1434
25511	25676	1627
30080	30149	1793
38077	39046	1863
39101	39368	2833
0	655	0
2995	3009	656
3078	3268	671
3491	3536	862
5742	5839	908
13312	13420	1006
16386	16473	1115
16527	16607	1203
17691	17840	1284
25097	25289	1434
28496	28649	1627
30080	30149	1781
38077	40444	1851
0	655	0
2995	3009	656
3078	3268	671
3491	3536	862
5742	5839	908
13312	13420	1006
16386	16473	1115
16527	16607	1203
17691	17840	1284
25097	25289	1434
28496	28649	1627
30080	30149	1781
34757	35202	1851
38077	40733	2297
0	196	0
2668	2941	197
3164	3209	471
5415	5512	517
12985	13093	615
16059	16146	724
16200	16280	812
17364	17513	893
24770	24962	1043
25184	25349	1236
29753	29822	1402
37750	40406	1472
0	328	0
2668	2941	329
3164	3209	603
5415	5512	649
12985	13093	747
16059	16146	856
16200	16280	944
17364	17513	1025
24770	24962	1175
25184	25349	1368
29753	29822	1534
37750	44617	1604
0	162	0
1916	2189	163
2412	2457	437
4663	4760	483
12233	12341	581
15307	15394	690
15448	15528	778
16612	16761	859
24018	24210	1009
24432	24597	1202
29001	29070	1368
36998	39654	1438
0	2918	0
4068	4260	2919
4482	4647	3112
9051	9120	3278
17048	19704	3348
0	128	0
184	930	129
1612	3427	876
3481	3705	2692
3764	3857	2917
4814	5138	3011
5784	6725	3336
6779	6882	4278
7235	8348	4382
8711	8818	5496
14248	14368	5604
14724	14775	5725
0	241	0
297	2112	242
2166	2390	2058
2449	2542	2283
3499	3823	2377
4469	5410	2702
5464	5567	3644
5920	7033	3748
7396	7503	4862
12933	13063	4970
0	241	0
297	2112	242
2166	2390	2058
2449	2542	2283
3499	3823	2377
4469	5410	2702
5464	5567	3644
5920	7033	3748
7396	7503	4862
12933	13053	4970
13166	13365	5091
0	241	0
297	2112	242
2166	2390	2058
2449	2542	2283
3499	3823	2377
4469	5410	2702
5464	5567	3644
5920	7033	3748
7396	7503	4862
12933	13053	4970
13281	13365	5091
0	67	0
966	1011	68
1368	1493	114
1575	1704	240
2605	2744	370
4659	4947	510
5003	5112	799
5171	5532	909
5587	6090	1271
6154	6354	1775
7602	7863	1976
0	67	0
966	1011	68
1368	1493	114
2451	2744	240
4659	4947	534
5003	5112	823
5171	5532	933
5587	6090	1295
6154	6354	1799
7602	7863	2000
0	67	0
966	1011	68
1368	2744	114
4659	4947	1491
5003	5112	1780
5171	5532	1890
5587	6090	2252
6154	6354	2756
7602	7863	2957
0	67	0
966	1015	68
1368	2744	118
4659	4947	1495
5003	5112	1784
5171	5532	1894
5587	6090	2256
6154	6354	2760
8050	9907	2961
9980	10903	4819
0	67	0
966	1011	68
1368	1493	114
2451	2744	240
4659	4947	534
5003	5112	823
5171	5532	933
5587	6090	1295
6154	6354	1799
8050	9907	2000
9980	10903	3858
0	200	0
0	198	0
2113	2401	199
2457	2566	488
2625	2986	598
3041	3544	960
3608	3808	1464
5504	7361	1665
7434	8357	3523
0	505	0
607	895	506
951	1060	795
1119	1480	905
1535	2038	1267
2102	2302	1771
3550	3811	1972
0	99	0
419	505	100
607	895	187
951	1060	476
1119	1480	586
1535	2038	948
2102	2302	1452
3998	5855	1653
5928	6851	3511
0	505	0
607	895	506
951	1060	795
1119	1480	905
1535	2038	1267
2102	2302	1771
3998	5855	1972
5928	6851	3830
0	72	0
978	1366	73
1431	1614	462
1675	2157	646
2220	2774	1129
0	311	0
373	493	312
1111	1406	433
0	248	0
310	430	249
1048	1343	370
0	867	0
925	1002	868
1069	1087	946
1647	2137	965
2192	2700	1456
2757	2886	1965
2950	3188	2095
3247	6820	2334
6887	7081	5908
7140	7489	6103
16536	16589	6453
17210	17393	6507
17535	17565	6691
0	1002	0
1069	1087	1003
1647	2137	1022
2192	2700	1513
2757	2886	2022
2950	3188	2152
3247	6820	2391
6887	7081	5965
7140	7489	6160
16536	16589	6510
17210	17393	6564
17535	17565	6748
0	1002	0
1069	1129	1003
1647	2137	1064
2192	2700	1555
2757	2886	2064
2950	3188	2194
3247	6820	2433
6887	7081	6007
7140	7489	6202
16536	16589	6552
17210	17393	6606
17941	18064	6790
0	7191	0
7566	7619	7192
8240	8423	7246
8565	8595	7430
0	7191	0
7566	7619	7192
8240	8423	7246
8977	9094	7430
0	184	0
244	419	185
0	644	0
1430	1532	645
1589	1686	748
1744	1863	846
1913	2041	966
0	554	0
1340	1398	555
1499	1596	614
1654	1773	712
1826	1951	832
0	554	0
1340	1442	555
1499	1596	658
1654	1773	756
1826	1951	876
0	538	0
594	719	539
1751	1840	665
1902	2764	755
3921	4093	1618
4154	4293	1791
4349	4447	1931
4502	5172	2030
5922	5985	2701
9469	9753	2765
0	389	0
445	570	390
1602	1691	516
1753	2615	606
3772	3944	1469
4005	4144	1642
4200	4298	1782
4353	5023	1881
5301	5362	2552
0	389	0
445	570	390
1602	1691	516
1753	2615	606
3772	3944	1469
4005	4144	1642
4200	4298	1782
4353	5023	1881
5773	5836	2552
7084	7161	2616
9119	9264	2694
0	389	0
445	570	390
1602	1691	516
1753	2615	606
3772	3944	1469
4005	4144	1642
4200	4298	1782
4353	5023	1881
5773	5836	2552
9119	9264	2616
0	389	0
445	570	390
1602	1691	516
1753	2615	606
3772	3944	1469
4005	4144	1642
4200	4298	1782
4353	5023	1881
9448	9604	2552
0	389	0
445	570	390
1602	1691	516
1753	2615	606
3772	3944	1469
4005	4144	1642
4200	4298	1782
4353	5023	1881
5773	5836	2552
9448	9604	2616
0	1168	0
0	4708	0
4766	4983	4709
7305	7917	4927
7965	8117	5540
8984	9270	5693
0	3691	0
3749	3966	3692
6288	6882	3910
6948	7100	4505
8049	8253	4658
0	262	0
334	456	263
2404	2505	386
2567	2941	488
0	138	0
214	262	139
334	456	188
1630	1758	311
2404	2505	440
2567	2941	542
0	262	0
334	456	263
1366	1570	386
1630	1758	591
1891	2050	720
2404	2505	880
2567	2941	982
0	262	0
358	456	263
1366	1570	362
1630	1758	567
2404	2505	696
2567	2941	798
0	262	0
334	451	263
1415	1570	381
1630	1758	537
2404	2505	666
2567	2941	768
0	138	0
214	262	139
334	456	188
1366	1570	311
1630	1758	516
2404	2505	645
2567	2941	747
0	262	0
334	456	263
1366	1570	386
1630	1758	591
2404	2505	720
2567	2941	822
0	258	0
321	551	259
2397	2485	490
3239	3371	579
3437	3881	712
4882	5019	1157
5135	5428	1295
7532	7589	1589
7645	7727	1647
7782	8003	1730
8548	8877	1952
8936	9430	2282
10753	10947	2777
0	258	0
321	551	259
2397	2485	490
3239	3371	579
3437	3881	712
4882	5019	1157
5135	5428	1295
7532	7589	1589
7645	7727	1647
7782	8003	1730
8548	8877	1952
8936	9430	2282
10753	11541	2777
12667	12739	3566
0	318	0
983	1649	319
1989	2506	986
0	298	0
355	536	299
0	165	0
1205	1247	166
1549	2118	209
3535	3615	779
4134	4214	860
5665	5745	941
6539	6829	1022
9584	9668	1313
12536	12855	1398
12904	13018	1718
14450	15173	1833
0	201	0
509	551	202
2839	2919	245
4969	5049	326
5843	6133	407
8888	8972	698
9219	9892	783
0	174	0
509	551	175
2839	2919	218
4969	5049	299
5843	6133	380
8888	8972	671
9219	9407	756
11035	11253	945
11744	12159	1164
12208	12322	1580
13754	14477	1695
0	201	0
509	551	202
853	1422	245
2839	2919	815
4969	5049	896
5843	6133	977
8888	8972	1268
9219	9407	1353
11035	11253	1542
11744	12159	1761
12208	12322	2177
13754	14477	2292
0	201	0
509	551	202
853	1422	245
2839	2919	815
4969	5049	896
5843	6133	977
8888	8972	1268
9219	9407	1353
11062	11253	1542
11840	12159	1734
12208	12322	2054
13754	14477	2169
0	174	0
509	551	175
2839	2919	218
3438	3518	299
4969	5049	380
5843	6133	461
8512	8646	752
8888	8972	887
9219	9407	972
11035	11253	1161
11744	12159	1380
12208	12322	1796
12992	13408	1911
13754	14477	2328
0	174	0
509	551	175
2839	2919	218
3438	3518	299
4969	5049	380
5843	6133	461
8888	8972	752
9219	9407	837
11035	11253	1026
11744	12159	1245
12208	12322	1661
12992	13408	1776
13754	14477	2193
0	174	0
509	551	175
853	1422	218
2839	2919	788
4969	5049	869
5843	6133	950
8888	8972	1241
9219	9407	1326
11035	11253	1515
11744	12159	1734
12208	12322	2150
13754	14477	2265
0	201	0
509	551	202
2839	2919	245
4969	5049	326
5843	6133	407
8888	8972	698
9219	9407	783
11840	12159	972
12208	12322	1292
13754	14477	1407
0	127	0
429	998	128
2415	2495	698
4545	4625	779
5419	5709	860
8464	8548	1151
8795	8983	1236
10611	10829	1425
11320	11735	1644
11784	11898	2060
13330	14053	2175
0	104	0
2433	2611	105
2666	2853	284
2910	3012	472
3066	3119	575
4191	4401	629
4931	5046	840
5535	5587	956
5700	6205	1009
0	104	0
2433	2611	105
2666	2853	284
2910	3012	472
3066	3119	575
4191	4401	629
4931	5046	840
5700	5889	956
6077	6205	1146
0	2407	0
3315	3469	2408
3531	3675	2563
4281	4373	2708
4450	4607	2801
6233	6514	2959
6577	6727	3241
6780	7522	3392
0	2407	0
3315	3469	2408
3531	3675	2563
4281	4373	2708
4450	4607	2801
6233	6514	2959
6577	6727	3241
6780	7065	3392
7386	7670	3678
0	2407	0
3315	3469	2408
3531	3675	2563
4281	4373	2708
4450	4607	2801
6233	6514	2959
6577	6727	3241
6780	7065	3392
8209	8343	3678
9355	9432	3813
9531	9673	3891
9747	10078	4034
0	2407	0
3315	3469	2408
3531	3675	2563
4281	4373	2708
4450	4607	2801
6233	6514	2959
6577	6727	3241
6780	7065	3392
8209	8343	3678
9355	9432	3813
9489	9673	3891
9747	10577	4076
0	2324	0
2385	2580	2325
2894	3672	2521
3740	3985	3300
4051	4233	3546
4940	5537	3729
5586	5741	4327
7405	7544	4483
8116	8194	4623
0	2185	0
2246	2441	2186
2755	3533	2382
3601	3858	3161
3912	4094	3419
4801	5398	3602
5447	5602	4200
7266	7405	4356
7977	8055	4496
0	1651	0
0	1554	0
1640	1852	1555
3039	3207	1768
3263	3343	1937
3751	4053	2018
23557	23638	2321
23701	23841	2403
26676	27133	2544
0	1554	0
1640	1852	1555
3039	3207	1768
3263	3343	1937
3751	4053	2018
23557	23638	2321
23701	23841	2403
26331	26493	2544
27011	27133	2707
0	1554	0
1640	1852	1555
3039	3207	1768
3263	3343	1937
3751	4053	2018
23557	23638	2321
23701	23841	2403
26331	26493	2544
27047	27133	2707
0	1554	0
3039	3207	1555
3263	3343	1724
3751	4053	1805
23557	23638	2108
23701	23841	2190
26331	26493	2331
27375	27476	2494
0	1554	0
1640	1746	1555
1812	1852	1662
3039	3207	1703
3263	3343	1872
3751	4053	1953
23557	23638	2256
23701	23841	2338
26331	26493	2479
27755	27796	2642
0	196	0
320	986	197
1446	1540	864
1601	1924	959
1986	2209	1283
0	196	0
338	986	197
1446	1540	846
1601	1924	941
1986	2209	1265
0	196	0
338	986	197
1446	1540	846
1601	1924	941
1986	2729	1265
0	2368	0
2427	2712	2369
2769	2983	2655
0	2368	0
2427	2712	2369
2818	2983	2655
0	2368	0
2427	2712	2369
3090	3157	2655
0	2368	0
2427	2712	2369
2818	3157	2655
0	256	0
1470	1586	257
4526	6462	374
0	34	0
1470	1586	35
4529	5118	152
13242	16464	742
0	1235	0
9343	9354	1236
14729	14867	1248
20802	20953	1387
21020	21231	1539
21288	21486	1751
21537	21850	1950
22410	22497	2264
22572	23016	2352
23393	23634	2797
23691	23933	3039
23988	24397	3282
25750	25785	3692
26158	26368	3728
26487	26773	3939
26838	27032	4226
27117	27288	4421
30357	30464	4593
0	612	0
1455	1523	613
8720	8731	682
14106	14244	694
20179	20330	833
20397	20608	985
20665	20863	1197
20914	21227	1396
21787	21874	1710
21949	22393	1798
22770	23011	2243
23068	23310	2485
23365	23774	2728
25127	25162	3138
25535	25745	3174
25864	26150	3385
26215	26409	3672
26494	26665	3867
29816	29841	4039
0	612	0
1455	1523	613
14106	14244	682
20179	20330	821
20397	20608	973
20665	20863	1185
20914	21227	1384
21787	21874	1698
21949	22393	1786
22770	23011	2231
23068	23310	2473
23365	23774	2716
25535	25745	3126
25864	26150	3337
26215	26409	3624
26494	26665	3819
29816	29841	3991
0	612	0
14106	14244	613
20179	20330	752
20397	20608	904
20665	20863	1116
20914	21227	1315
21787	21874	1629
21949	22393	1717
22770	23011	2162
23068	23310	2404
23365	23774	2647
25127	25162	3057
25535	25745	3093
25864	26150	3304
26215	26409	3591
26494	26665	3786
29734	29841	3958
0	612	0
1455	1523	613
2582	3186	682
14106	14244	1287
20179	20330	1426
20397	20608	1578
20665	20863	1790
20914	21227	1989
21787	21874	2303
21949	22393	2391
22770	23011	2836
23068	23310	3078
23365	23774	3321
25127	25162	3731
25535	25745	3767
25864	26150	3978
26215	26409	4265
26494	26665	4460
29734	29841	4632
0	612	0
1455	1523	613
14106	14244	682
20179	20330	821
20397	20608	973
20665	20863	1185
20914	21227	1384
21787	21874	1698
21949	22393	1786
22770	23011	2231
23068	23310	2473
23365	23774	2716
25127	25162	3126
25535	25745	3162
25864	26150	3373
26215	26409	3660
26494	26665	3855
29816	29841	4027
0	612	0
1455	1523	613
14106	14244	682
20179	20330	821
20397	20608	973
20665	20863	1185
20914	21227	1384
21787	21874	1698
21949	22393	1786
22770	23011	2231
23068	23310	2473
23365	23774	2716
25127	25162	3126
25535	25745	3162
25864	26150	3373
26215	26409	3660
26494	26665	3855
29734	29841	4027
0	612	0
1455	1523	613
14106	14244	682
20179	20330	821
20397	20608	973
20665	20863	1185
20914	21227	1384
21787	21874	1698
21949	22393	1786
22770	23011	2231
23068	23310	2473
23365	23774	2716
25127	25162	3126
25535	25745	3162
25864	26150	3373
26215	26409	3660
26494	26665	3855
30028	30101	4027
0	2485	0
13405	13543	2486
19478	19629	2625
19696	19907	2777
19964	20162	2989
20213	20526	3188
21086	21173	3502
21248	21692	3590
22069	22310	4035
22367	22609	4277
22664	23073	4520
24426	24461	4930
24834	25044	4966
25163	25449	5177
25514	25708	5464
25793	25964	5659
29033	29140	5831
0	1146	0
12066	12204	1147
18139	18290	1286
18357	18568	1438
18625	18823	1650
18874	19187	1849
19747	19834	2163
19909	20353	2251
20730	20971	2696
21028	21270	2938
21325	21734	3181
23087	23122	3591
23495	23705	3627
23824	24110	3838
24175	24369	4125
24454	24625	4320
27694	27801	4492
0	403	0
8252	8390	404
14325	14476	543
14543	14754	695
14811	15009	907
15060	15373	1106
15933	16020	1420
16095	16539	1508
16916	17157	1953
17214	17456	2195
17511	17920	2438
19273	19308	2848
19681	19891	2884
20010	20296	3095
20361	20555	3382
20640	20811	3577
23880	23987	3749
0	346	0
649	1068	347
2366	2675	767
2733	2944	1077
3008	3196	1289
3556	3701	1478
3930	5003	1624
5736	6824	2698
9569	9806	3787
9872	10026	4025
11153	11419	4180
11875	12238	4447
12312	12846	4811
0	420	0
649	1068	421
2366	2675	841
2733	2944	1151
3008	3196	1363
3556	3707	1552
3930	5003	1704
5736	5867	2778
5922	6824	2910
9569	9806	3813
9872	10026	4051
11153	11419	4206
11875	12238	4473
12312	12846	4837
0	346	0
649	1068	347
2366	2675	767
2733	2944	1077
3008	3196	1289
3556	3701	1478
4086	5003	1624
5736	6824	2542
9569	9806	3631
9872	10026	3869
11153	11419	4024
11875	12238	4291
12312	12846	4655
0	42	0
649	1068	43
2366	2675	463
2733	2944	773
3008	3196	985
3556	3701	1174
3930	5003	1320
5736	6824	2394
9569	9806	3483
9872	10026	3721
11153	11419	3876
11875	12238	4143
12312	15035	4507
0	42	0
649	1068	43
2366	2675	463
2733	2944	773
3008	3196	985
3556	3701	1174
3930	5003	1320
5736	6824	2394
9569	9806	3483
9872	10026	3721
11153	11419	3876
11875	12238	4143
12312	15616	4507
0	991	0
1454	2029	992
2118	2185	1568
2245	2562	1636
2756	2921	1954
3076	3260	2120
6483	6768	2305
11267	11344	2591
12189	12682	2669
0	991	0
1454	2029	992
2118	2185	1568
2245	2562	1636
2756	2921	1954
3076	3260	2120
6483	6768	2305
11267	11344	2591
14785	15904	2669
17623	17770	3789
0	991	0
1454	2029	992
2118	2185	1568
2245	2562	1636
2756	2891	1954
3076	3260	2090
6483	6768	2275
11267	11344	2561
14785	15904	2639
17623	17770	3759
0	991	0
1454	2029	992
2118	2185	1568
2245	2562	1636
2756	2921	1954
3076	3260	2120
6483	6768	2305
11267	11344	2591
14785	15904	2669
18222	19965	3789
0	87	0
321	551	88
0	558	0
0	62	0
0	534	0
0	380	0
2166	4438	381
0	1961	0
2018	2208	1962
2491	4494	2153
5223	5432	4157
5907	6197	4367
6256	6954	4658
0	1531	0
1597	1731	1532
4420	4464	1667
4738	4812	1712
4867	5005	1787
5686	5950	1926
7114	7240	2191
7299	7386	2318
7468	8443	2406
0	144	0
1597	1731	145
4738	4812	280
4867	5005	355
5686	5950	494
7114	7240	759
7299	7386	886
7468	8443	974
0	393	0
538	942	394
1008	1142	799
4149	4223	934
4278	4416	1009
5097	5361	1148
6525	6651	1413
6710	6797	1540
6879	7854	1628
0	393	0
538	658	394
728	942	515
1008	1142	730
3831	3875	865
4149	4223	910
4278	4416	985
5097	5361	1124
6525	6651	1389
6710	6797	1516
6879	7854	1604
0	173	0
243	457	174
523	657	389
3346	3390	524
3664	3738	569
3793	3931	644
4612	4876	783
6040	6166	1048
6225	6312	1175
6394	7369	1263
0	139	0
288	1645	140
0	254	0
316	769	255
827	1160	709
1618	2441	1043
2501	2614	1867
3168	4853	1981
4910	5428	3667
6614	6941	4186
0	196	0
254	497	197
1660	1833	441
3517	3979	615
0	3111	0
3169	3268	3112
3738	4310	3212
5044	5359	3785
5551	5695	4101
7554	7693	4246
7883	8674	4386
9129	9329	5178
9391	9459	5379
10626	10829	5448
10893	11282	5652
11367	11732	6042
11800	12295	6408
15801	16624	6904
0	1234	0
1292	1391	1235
1861	2433	1335
3167	3482	1908
3674	3818	2224
5677	5816	2369
6006	6797	2509
7252	7452	3301
7514	7582	3502
8749	8952	3571
9016	9405	3775
9490	9855	4165
9923	10418	4531
10525	10684	5027
0	1234	0
1292	1391	1235
1861	2433	1335
3167	3482	1908
3674	3818	2224
5677	5816	2369
6006	6797	2509
7252	7452	3301
7514	7582	3502
8749	8952	3571
9016	9405	3775
9490	9855	4165
9923	10418	4531
11198	11434	5027
0	1234	0
1292	1391	1235
1861	2433	1335
3167	3818	1908
5677	5816	2560
6006	6797	2700
7252	7452	3492
7514	7582	3693
8749	8952	3762
9016	9405	3966
9490	9855	4356
9923	10418	4722
12215	12517	5218
0	824	0
1558	1873	825
4397	5188	1141
5643	5843	1933
7140	7343	2134
7407	7796	2338
7881	8246	2728
8314	8809	3094
8916	9075	3590
0	824	0
1558	1873	825
2065	2209	1141
4068	4207	1286
4397	5188	1426
5643	5843	2218
5905	5973	2419
7140	7343	2488
7407	7796	2692
7881	8246	3082
8314	8809	3448
8916	9075	3944
0	824	0
1558	1873	825
2065	2209	1141
4068	4207	1286
4397	5188	1426
5643	5843	2218
5905	5973	2419
7140	7343	2488
7407	7796	2692
7881	8246	3082
8314	8809	3448
10606	10908	3944
0	824	0
1558	1873	825
2065	2209	1141
4068	4207	1286
4397	5188	1426
5643	5843	2218
5905	5973	2419
7140	7343	2488
7407	7796	2692
7881	8246	3082
8314	8809	3448
12315	13138	3944
0	824	0
1558	1873	825
2065	2209	1141
4068	4207	1286
4397	5188	1426
5643	5843	2218
5905	5973	2419
7140	7343	2488
7407	7796	2692
7881	8246	3082
8314	8809	3448
15953	16099	3944
0	47	0
2041	2328	48
13772	13821	336
19663	21294	386
22521	22702	2018
23094	24710	2200
27883	29283	3817
29346	29569	5218
29626	29973	5442
30973	31116	5790
31173	34070	5934
35156	35265	8832
35365	36563	8942
0	47	0
2041	2328	48
13772	13821	336
19663	21294	386
22521	22702	2018
23094	24710	2200
27883	29283	3817
29346	29569	5218
29626	29973	5442
30973	31116	5790
31173	34070	5934
35365	35950	8832
36728	36794	9418
36849	37982	9485
0	47	0
2041	2328	48
13772	13821	336
19663	21294	386
22521	22702	2018
23094	24710	2200
27883	29283	3817
29349	29569	5218
29626	29973	5439
30976	31116	5787
31173	34070	5928
35365	35950	8826
36728	36794	9412
36849	39064	9479
0	9811	0
10927	11289	9812
11382	11541	10175
12422	13048	10335
13659	15409	10962
19111	19522	12713
0	7583	0
8699	9061	7584
9154	9313	7947
10194	10820	8107
11431	13181	8734
16883	17294	10485
0	2875	0
3991	4353	2876
4446	4605	3239
5486	6112	3399
6723	8473	4026
12175	12586	5777
0	332	0
418	829	333
0	152	0
2079	2284	153
2333	2395	359
2455	2567	422
2702	2804	535
6345	6463	638
6525	6646	757
7391	7499	879
7585	7915	988
0	152	0
2082	2284	153
2333	2395	356
2455	2567	419
2702	2804	532
6345	6463	635
6525	6646	754
7394	7499	876
7585	7915	982
0	46	0
1872	2077	47
2126	2188	253
2248	2360	316
2495	2597	429
6138	6256	532
6318	6439	651
7184	7292	773
7378	7708	882
0	77	0
1875	2077	78
2126	2188	281
2248	2360	344
2495	2597	457
6138	6256	560
6318	6439	679
7187	7292	801
7378	7708	907
0	77	0
1872	2077	78
2149	2188	284
2248	2360	324
2495	2597	437
6138	6256	540
6318	6439	659
7187	7292	781
7378	9034	887
0	77	0
1872	2077	78
2149	2188	284
2248	2360	324
2495	2597	437
6138	6256	540
6318	6439	659
7184	7292	781
7378	9034	890
0	229	0
431	636	230
685	747	436
807	919	499
1054	1156	612
4697	4815	715
4877	4998	834
5746	5851	956
5937	7593	1062
0	760	0
818	1005	761
1679	1880	949
1938	2047	1151
2113	2237	1261
2308	2494	1386
0	760	0
818	1005	761
1679	1880	949
1938	2047	1151
2113	2237	1261
2308	2485	1386
3239	3258	1564
0	211	0
1858	2673	212
3580	3890	1028
3947	4570	1339
5224	6388	1963
0	108	0
1858	2673	109
3580	3890	925
3947	4570	1236
5224	6388	1860
0	416	0
1858	2673	417
3580	3890	1233
3947	4570	1544
5224	8367	2168
0	117	0
681	755	118
828	910	193
1654	1823	276
1882	2066	446
2190	2664	631
2732	2830	1106
3794	3985	1205
4735	4934	1397
5464	6240	1597
0	144	0
681	755	145
828	910	220
1654	1823	303
1882	2066	473
2190	2664	658
2732	2830	1133
3794	3985	1232
4735	4934	1424
5464	6240	1624
0	650	0
0	2974	0
3202	3380	2975
4757	5697	3154
6448	9094	4095
0	2974	0
3202	3380	2975
4757	5697	3154
6448	8189	4095
8882	9094	5837
0	212	0
601	971	213
1043	1122	584
2931	3111	664
3253	3738	845
4352	5239	1331
5321	5497	2219
6620	6667	2396
7664	7792	2444
7852	7947	2573
8009	8379	2669
8953	9099	3040
9164	9667	3187
0	212	0
601	754	213
829	971	367
1043	1122	510
2931	3111	590
3253	3738	771
4352	5239	1257
5321	5497	2145
6620	6667	2322
7664	7792	2370
7852	7947	2499
8009	8379	2595
8953	9099	2966
9164	9423	3113
9570	10050	3373
0	212	0
601	971	213
1043	1122	584
2931	3111	664
3253	3738	845
4352	5239	1331
5321	5497	2219
6620	6667	2396
7664	7792	2444
7852	7947	2573
8009	8379	2669
8953	9099	3040
9164	9493	3187
9570	10242	3517
0	212	0
601	754	213
829	971	367
1043	1122	510
2931	3111	590
3253	3738	771
4352	5239	1257
5321	5497	2145
7664	7792	2322
7852	7947	2451
8009	8379	2547
8953	9099	2918
9164	9493	3065
9570	10242	3395
0	212	0
601	971	213
1043	1122	584
2931	3111	664
3253	3738	845
4352	5239	1331
5321	5497	2219
7664	7792	2396
7852	7947	2525
8009	8379	2621
8953	9099	2992
9164	9493	3139
9570	10242	3469
0	212	0
601	971	213
1043	1122	584
2931	3111	664
3253	3738	845
4352	5239	1331
5321	5497	2219
7664	7792	2396
7852	7947	2525
8009	8379	2621
8953	9099	2992
9164	9493	3139
9570	11188	3469
11245	11786	5088
0	1444	0
1553	2812	1445
0	86	0
0	288	0
1936	2203	289
2337	2438	557
2517	2697	659
2757	3024	840
3638	3741	1108
3800	4169	1212
4230	4433	1582
4486	4653	1786
4719	5659	1954
0	286	0
1934	2201	287
2335	2436	555
2515	2695	657
2755	3022	838
3636	3739	1106
3798	4167	1210
4268	4431	1580
4484	4651	1744
4717	5657	1912
0	487	0
2884	3072	488
3202	3403	677
3462	3917	879
3976	4080	1335
4142	4345	1440
4402	4605	1644
6145	6297	1848
6361	6597	2001
7858	8024	2238
9818	10051	2405
10102	10263	2639
10314	10425	2801
0	487	0
2884	3072	488
3202	3403	677
3462	3917	879
3976	4077	1335
4142	4345	1437
4402	4605	1641
6145	6297	1845
6361	6597	1998
7858	8024	2235
9818	10051	2402
10102	10263	2636
10314	10425	2798
0	487	0
2884	3072	488
3202	3917	677
3976	4080	1393
4142	4345	1498
4402	4605	1702
6145	6297	1906
6361	6597	2059
7858	8024	2296
9818	10051	2463
10102	10263	2697
10314	10425	2859
0	1989	0
3264	3543	1990
3605	3792	2270
3860	4010	2458
4829	5007	2609
5464	5757	2788
6020	6394	3082
7175	8643	3457
8861	9467	4926
12005	12939	5533
13724	14062	6468
0	1059	0
2334	2613	1060
2675	2871	1340
2930	3080	1537
3899	4077	1688
4534	4827	1867
5090	5464	2161
6245	7713	2536
7931	8537	4005
9907	10012	4612
0	1059	0
2334	2613	1060
2675	2871	1340
2930	3080	1537
3899	4077	1688
4534	4827	1867
5090	5464	2161
6245	7713	2536
7931	8537	4005
9950	10012	4612
0	1059	0
2334	2613	1060
2675	2871	1340
2930	3080	1537
3899	4077	1688
4534	4827	1867
5090	5464	2161
6245	7713	2536
7931	8537	4005
9589	10012	4612
0	1059	0
2334	2607	1060
2675	2871	1334
2930	3080	1531
3899	4077	1682
4534	4827	1861
5090	5464	2155
6245	7713	2530
7931	8537	3999
10458	10637	4606
0	1059	0
2334	2613	1060
2675	2871	1340
2930	3080	1537
3899	4077	1688
4534	4827	1867
5090	5464	2161
6245	7713	2536
7931	8537	4005
10458	10637	4612
0	121	0
234	719	122
1367	1684	608
2330	3311	926
5509	6263	1908
0	121	0
234	719	122
2330	3311	608
4799	4953	1590
5509	6263	1745
0	121	0
234	719	122
1367	1684	608
2330	3311	926
4799	4953	1908
5509	6263	2063
0	474	0
9298	9993	475
13439	16423	1171
0	24	0
105	245	25
9298	9993	166
13439	19508	862
0	34	0
170	865	35
4311	7295	731
0	542	0
3988	9002	543
0	1673	0
1739	2157	1674
2695	3730	2093
4528	4651	3129
5011	5369	3253
0	1081	0
1147	1565	1082
2103	3138	1501
4419	4777	2537
0	758	0
824	1242	759
1780	2815	1178
3613	4454	2214
0	194	0
13228	13393	195
14804	14984	361
16169	16823	542
19438	19611	1197
19965	20240	1371
21585	21939	1647
22633	23484	2002
0	622	0
2841	3020	623
6266	6431	803
7842	8022	969
9207	9861	1150
12476	12649	1805
13003	13278	1979
14623	14977	2255
15671	16522	2610
0	622	0
6266	6431	623
7842	8022	789
9207	9861	970
12476	12649	1625
13003	13278	1799
14623	14977	2075
15671	16522	2430
0	242	0
3488	3653	243
5064	5244	409
6429	7083	590
9698	9871	1245
10225	10500	1419
11845	12199	1695
12893	13744	2050
0	91	0
1269	1629	92
2262	2283	453
3061	3223	475
3704	3845	638
4273	4414	780
4602	4802	922
4874	5175	1123
6377	6600	1425
6663	7065	1649
7160	7833	2052
8817	9164	2726
9520	9564	3074
9879	10001	3119
10078	10137	3242
10314	10412	3302
11115	11423	3401
11505	11630	3710
11749	11787	3836
11939	12115	3875
12419	12646	4052
13336	13509	4280
14553	14588	4454
15549	15581	4490
18003	18150	4523
18388	18761	4671
20766	20891	5045
20972	21671	5171
22076	22429	5871
22907	24619	6225
26170	27069	7938
27777	28540	8838
28625	28760	9602
28938	29828	9738
29887	32559	10629
33121	33402	13302
33465	33764	13584
33820	43290	13884
43362	44340	23355
44404	44745	24334
46153	47195	24676
48003	48059	25719
49617	49717	25776
49785	49911	25877
49977	50279	26004
50515	51681	26307
0	91	0
1269	1629	92
2262	2283	453
3061	3223	475
3704	3845	638
6377	6600	780
6663	7065	1004
7160	7833	1407
8817	9164	2081
9520	9564	2429
9879	10001	2474
10078	10137	2597
10314	10412	2657
11115	11423	2756
11505	11630	3065
11749	11787	3191
12419	12646	3230
13336	13509	3458
14553	14588	3632
18003	18150	3668
18388	18761	3816
20766	20891	4190
20972	21671	4316
22076	22429	5016
22907	24619	5370
26170	27069	7083
27777	28540	7983
28625	28760	8747
28938	29828	8883
29887	32559	9774
33121	33402	12447
33465	33764	12729
33820	43290	13029
43362	44340	22500
44404	44745	23479
46153	47195	23821
48003	48059	24864
49617	49717	24921
49785	49911	25022
49977	50279	25149
50515	51681	25452
0	91	0
1269	1629	92
2532	2562	453
3061	3223	484
3704	3845	647
4273	4414	789
4602	4802	931
4874	5175	1132
6377	6600	1434
6663	7065	1658
7160	7833	2061
8817	9164	2735
9520	9564	3083
9879	10001	3128
10078	10137	3251
10314	10412	3311
11115	11423	3410
11505	11630	3719
11749	11787	3845
12419	12646	3884
13336	13509	4112
14553	14588	4286
18003	18150	4322
18388	18761	4470
20766	20891	4844
20972	21671	4970
22076	22429	5670
22907	24619	6024
26170	27069	7737
27777	28540	8637
28625	28760	9401
28938	29828	9537
29887	32559	10428
33121	33402	13101
33465	33764	13383
33820	43290	13683
43362	44340	23154
44404	44745	24133
46153	47195	24475
48003	48059	25518
49617	49717	25575
49785	49911	25676
49977	50279	25803
50515	52074	26106
0	31	0
313	673	32
1306	1327	393
2105	2267	415
2748	2889	578
5421	5644	720
5707	6109	944
6204	6877	1347
8564	8608	2021
8923	9045	2066
9122	9181	2189
9358	9456	2249
10159	10467	2348
10549	10674	2657
10793	10831	2783
10983	11159	2822
11463	11690	2999
12380	12553	3227
13597	13632	3401
14593	14625	3437
17047	17194	3470
17432	17805	3618
19810	19935	3992
20016	20715	4118
21120	21473	4818
21951	23663	5172
25214	26113	6885
26821	27584	7785
27669	27804	8549
27982	28872	8685
28931	31603	9576
32165	32446	12249
32509	32808	12531
32864	42334	12831
42406	43384	22302
43448	43789	23281
45197	46239	23623
47047	47103	24666
48661	48761	24723
48829	48955	24824
49021	49323	24951
49559	50725	25254
0	371	0
1274	1304	372
1803	1965	403
2446	2587	566
5119	5342	708
5405	5807	932
5902	6575	1335
8262	8306	2009
8621	8743	2054
8820	8879	2177
9857	10165	2237
10247	10372	2546
12078	12251	2672
16745	16892	2846
17130	17503	2994
17867	17944	3368
19508	19633	3446
19714	20413	3572
20818	21171	4272
21649	23361	4626
24912	25811	6339
26519	27282	7239
27367	27502	8003
27680	28570	8139
28629	31301	9030
31863	32144	11703
32207	32506	11985
32562	42032	12285
42104	43082	21756
43146	43487	22735
44895	45937	23077
48359	48459	24120
48527	48653	24221
48719	49021	24348
49257	50423	24651
0	671	0
0	3153	0
4658	4729	3154
4786	5421	3226
7676	8510	3862
8565	8693	4697
8936	9098	4826
0	3153	0
4658	4729	3154
4786	5421	3226
7676	8510	3862
8565	8693	4697
10379	10462	4826
0	1674	0
1962	2891	1675
3410	3644	2605
0	1674	0
1962	2891	1675
6386	6520	2605
6750	6911	2740
0	1674	0
1962	2891	1675
6750	6911	2605
0	1674	0
1962	2891	1675
23065	23182	2605
27423	27488	2723
32943	33957	2789
0	2085	0
7306	7543	2086
0	450	0
0	210	0
1699	2078	211
2129	2283	591
6750	6824	746
6883	7830	821
8236	10854	1769
11791	12085	4388
12145	12315	4683
12374	12737	4854
13419	13468	5218
0	235	0
286	440	236
4907	4981	391
5040	5987	466
6393	9011	1414
9948	10242	4033
10302	10472	4328
10531	10894	4499
11570	11625	4863
0	235	0
286	440	236
4907	4981	391
5040	5987	466
6393	9011	1414
9948	10242	4033
10302	10451	4328
10531	10894	4478
11570	11625	4842
0	235	0
286	440	236
4907	4981	391
5040	5987	466
6393	9011	1414
9948	10242	4033
10302	10451	4328
10531	10894	4478
11576	11625	4842
0	202	0
278	3602	203
0	3830	0
3896	4022	3831
4088	4250	3958
4303	4401	4121
5390	5747	4220
5811	6102	4578
6170	6336	4870
6422	6643	5037
7379	7660	5259
7719	7886	5541
8290	8415	5709
8472	8630	5835
8693	8965	5994
9046	9370	6267
11027	11168	6592
14019	14125	6734
15137	15257	6841
15319	15538	6962
15743	15817	7182
17936	18067	7257
30569	35458	7389
35513	35647	12279
35809	36202	12414
0	724	0
790	916	725
982	1144	852
1197	1295	1015
2284	2641	1114
2705	2996	1472
3064	3230	1764
3316	3537	1931
4273	4554	2153
4613	4780	2435
5184	5309	2603
5366	5524	2729
5587	5859	2888
5940	6264	3161
7921	8062	3486
11687	11793	3628
12031	12151	3735
12213	12432	3856
12637	12712	4076
12943	12948	4152
14828	14961	4158
16035	21910	4292
21964	22019	10168
22575	22635	10224
0	724	0
790	916	725
982	1144	852
1197	1295	1015
2284	2641	1114
2705	2996	1472
3064	3230	1764
3316	3537	1931
4273	4554	2153
4613	4780	2435
5184	5309	2603
5366	5524	2729
5587	5859	2888
5940	6264	3161
7921	8062	3486
11687	11793	3628
12031	12151	3735
12213	12432	3856
12637	12711	4076
14830	14961	4151
16035	21910	4283
21964	22019	10159
22575	22635	10215
0	724	0
790	916	725
982	1144	852
1197	1295	1015
2284	2641	1114
2705	2996	1472
3064	3230	1764
3316	3537	1931
4273	4554	2153
4613	4780	2435
5184	5309	2603
5366	5524	2729
5587	5859	2888
5940	6264	3161
12031	12151	3486
12213	12432	3607
12637	12711	3827
13116	13192	3902
14828	14961	3979
27463	31304	4113
31377	31652	7955
31896	32352	8231
32407	32541	8688
33431	33891	8823
0	724	0
790	916	725
982	1144	852
1197	1295	1015
2284	2641	1114
2705	2996	1472
3064	3230	1764
3316	3537	1931
4273	4554	2153
4613	4780	2435
5184	5309	2603
5366	5524	2729
5587	5859	2888
5940	6264	3161
7921	8062	3486
11687	11793	3628
12031	12151	3735
12213	12432	3856
12637	12712	4076
12943	12948	4152
14828	14961	4158
27463	32352	4292
32407	32541	9182
33431	33891	9317
0	724	0
790	916	725
982	1144	852
1197	1295	1015
2284	2641	1114
2705	2996	1472
3064	3230	1764
3316	3537	1931
4273	4554	2153
4613	4780	2435
5184	5309	2603
5366	5524	2729
5587	5859	2888
5940	6264	3161
7921	8062	3486
10913	11019	3628
12031	12151	3735
12213	12432	3856
12637	12711	4076
14830	14961	4151
27463	32352	4283
32407	32541	9173
33431	33891	9308
0	724	0
790	916	725
982	1144	852
1197	1295	1015
2284	2641	1114
2705	2996	1472
3064	3230	1764
3316	3537	1931
4273	4554	2153
4613	4780	2435
5184	5309	2603
5366	5524	2729
5587	5859	2888
5940	6264	3161
7921	8062	3486
11687	11793	3628
12031	12151	3735
12213	12432	3856
12637	12711	4076
14830	14961	4151
27463	32352	4283
32407	32541	9173
33431	35033	9308
35098	36067	10911
36144	36620	11881
36690	36994	12358
38149	38254	12663
41257	41401	12769
0	5378	0
0	1925	0
0	256	0
320	421	257
540	762	359
824	970	582
1570	1793	729
1978	2446	953
3027	3184	1422
3239	3479	1580
3606	5902	1821
9786	9841	4118
10278	10389	4174
10471	10651	4286
10714	11364	4467
14525	14726	5118
14783	14834	5320
14985	15418	5372
0	256	0
320	421	257
540	762	359
824	970	582
1570	1793	729
1978	2446	953
3027	3184	1422
3239	3479	1580
3606	5902	1821
9786	9841	4118
10278	10389	4174
10471	10651	4286
10714	11364	4467
12096	12854	5118
14525	14726	5877
14783	14834	6079
15215	15418	6131
0	256	0
320	421	257
540	762	359
824	970	582
1570	1793	729
1978	2446	953
3027	3184	1422
3239	3479	1580
3606	5902	1821
9786	9841	4118
10278	10389	4174
10471	10651	4286
10714	11364	4467
14525	14726	5118
14783	14834	5320
15215	15418	5372
0	110	0
1513	2298	111
3355	3898	897
5948	6201	1441
6284	6854	1695
6915	7667	2266
0	110	0
1513	2298	111
3355	3898	897
5948	6201	1441
6284	6390	1695
6729	6854	1802
6915	7434	1928
7487	7782	2448
9406	10006	2744
0	110	0
1513	2298	111
5948	6201	897
6284	6390	1151
6729	6854	1258
6915	7434	1384
7487	7782	1904
9406	10006	2200
0	110	0
1513	2298	111
3355	3898	897
5948	6201	1441
6284	6390	1695
6729	6854	1802
6915	7434	1928
7487	7782	2448
9406	12622	2744
0	535	0
596	919	536
1971	2264	860
2478	2684	1154
2947	3321	1361
3379	3508	1736
5003	6347	1866
6464	6628	3211
0	535	0
596	919	536
1971	2357	860
2478	2684	1247
2947	3321	1454
3379	3508	1829
5003	6347	1959
6464	6850	3304
0	535	0
596	919	536
1971	2357	860
2478	2684	1247
2947	3321	1454
3379	3508	1829
5003	6347	1959
6464	6581	3304
6772	6850	3422
0	535	0
596	919	536
1971	2357	860
2478	2684	1247
2947	3321	1454
3379	3508	1829
5003	6347	1959
6464	6581	3304
6747	6850	3422
0	210	0
0	363	0
2576	2672	364
2726	3017	461
0	171	0
2729	3017	172
0	363	0
2576	2672	364
2729	3017	461
0	387	0
1380	1777	388
1831	3298	786
6586	6809	2254
6915	7033	2478
0	387	0
1380	1777	388
1831	3298	786
9697	9797	2254
10268	10326	2355
12764	13219	2414
13358	13432	2870
13546	13694	2945
0	387	0
1380	1777	388
1831	3298	786
9697	9797	2254
15866	16148	2355
0	642	0
0	394	0
1598	2093	395
0	738	0
1598	2093	739
0	466	0
0	777	0
2341	2521	778
6787	7024	959
7982	8158	1197
8898	8980	1374
14433	14687	1457
14745	14893	1712
16082	16284	1861
16341	16563	2064
0	777	0
2341	2521	778
6787	7024	959
7982	8158	1197
8898	8968	1374
14433	14648	1445
14745	14893	1661
16082	16284	1810
16341	18197	2013
0	3873	0
4423	4631	3874
4688	4833	4083
4883	5013	4229
5071	5406	4360
5530	5725	4696
6481	8814	4892
8875	10120	7226
12347	13785	8472
16875	17206	9911
0	364	0
914	1122	365
1179	1324	574
1374	1504	720
1562	1948	851
2021	2216	1238
2972	5305	1434
5366	6611	3768
8838	10276	5014
13559	13697	6453
0	364	0
914	1122	365
1179	1324	574
1374	1504	720
1562	1948	851
2021	2216	1238
2972	5305	1434
5366	6611	3768
13559	13697	5014
0	135	0
685	893	136
950	1095	345
1145	1275	491
1333	1719	622
1792	1987	1009
2743	5076	1205
5137	6382	3539
12583	12902	4785
13374	13468	5105
0	19	0
847	1496	20
0	47	0
429	1078	48
0	686	0
0	1264	0
0	1066	0
1841	1965	1067
0	1066	0
1884	2046	1067
0	258	0
319	469	259
1405	1734	410
1788	3073	740
0	89	0
1043	1354	90
1408	2693	402
0	89	0
1043	1354	90
1408	3053	402
0	2134	0
2188	2302	2135
2358	2452	2250
3071	3146	2345
4725	4790	2421
8180	8236	2487
9868	9960	2544
11976	12102	2637
12165	12287	2764
12347	12441	2887
12535	12860	2982
13216	13270	3308
13899	13958	3363
15010	15104	3423
15167	15321	3518
15406	15471	3673
16055	16090	3739
0	2134	0
2188	2302	2135
2358	2452	2250
3071	3149	2345
8180	8236	2424
9868	9960	2481
11976	12102	2574
12165	12287	2701
12347	12441	2824
12535	12860	2919
13216	13270	3245
13899	13958	3300
15010	15104	3360
15167	15321	3455
15971	16090	3610
0	2134	0
2188	2302	2135
2358	2452	2250
3071	3149	2345
9868	9960	2424
11976	12102	2517
12165	12287	2644
12347	12441	2767
12535	12860	2862
13216	13270	3188
13899	13958	3243
15010	15104	3303
15167	15321	3398
16055	16090	3553
0	2134	0
2188	2302	2135
2358	2452	2250
3071	3170	2345
8180	8236	2445
9868	9960	2502
11976	12102	2595
12165	12287	2722
12347	12441	2845
12535	12860	2940
13216	13270	3266
13899	13958	3321
15010	15104	3381
15167	15321	3476
18210	18415	3631
0	2134	0
2188	2302	2135
2358	2452	2250
3071	3149	2345
9868	9960	2424
11976	12102	2517
12165	12287	2644
12347	12441	2767
12535	12860	2862
13216	13270	3188
13899	13958	3243
15010	15104	3303
15167	15321	3398
18210	18415	3553
0	2134	0
2188	2281	2135
2358	2452	2229
3071	3146	2324
4725	4790	2400
9868	9960	2466
11976	12102	2559
12165	12287	2686
12347	12441	2809
12535	12860	2904
13216	13270	3230
13899	13958	3285
15010	15104	3345
15167	15321	3440
18210	18415	3595
0	2134	0
2188	2281	2135
2358	2452	2229
3071	3146	2324
4725	4790	2400
8180	8233	2466
9868	9960	2520
11976	12102	2613
12165	12287	2740
12347	12441	2863
12535	12860	2958
13216	13270	3284
13899	13958	3339
15010	15104	3399
15167	15321	3494
18210	18415	3649
0	2134	0
2188	2281	2135
2358	2452	2229
3071	3146	2324
9868	9960	2400
11976	12102	2493
12165	12287	2620
12347	12441	2743
12535	12860	2838
13216	13270	3164
13899	13958	3219
15010	15104	3279
15167	15321	3374
18210	18415	3529
0	2134	0
2188	2302	2135
2358	2452	2250
3071	3149	2345
8180	8236	2424
9868	9960	2481
11976	12102	2574
12165	12287	2701
12347	12441	2824
12535	12860	2919
13216	13270	3245
13899	13958	3300
15010	15104	3360
15167	15321	3455
18210	18415	3610
0	2134	0
2188	2302	2135
2358	2452	2250
3071	3146	2345
4725	4790	2421
8180	8236	2487
9868	9960	2544
11976	12102	2637
12165	12287	2764
12347	12441	2887
12535	12860	2982
13216	13270	3308
13899	13958	3363
15010	15104	3423
15167	15321	3518
18210	18415	3673
0	267	0
321	435	268
491	585	383
1204	1282	478
2858	2923	557
6313	6369	623
8001	8093	680
10109	10235	773
10298	10420	900
10480	10574	1023
10668	10993	1118
11349	11403	1444
12032	12091	1499
13143	13237	1559
13300	13454	1654
14188	14223	1809
0	267	0
321	435	268
491	585	383
1204	1282	478
8001	8093	557
10109	10235	650
10298	10420	777
10480	10574	900
10668	10993	995
11349	11403	1321
12032	12091	1376
13143	13237	1436
13300	13454	1531
13539	14223	1686
0	207	0
268	388	208
442	790	329
845	1139	678
1736	1923	973
2054	2471	1161
3048	3269	1579
3376	3553	1801
0	207	0
268	388	208
442	790	329
845	1139	678
1736	1986	973
2054	2471	1224
3408	3553	1642
0	207	0
268	388	208
442	790	329
845	1139	678
1736	1986	973
2054	2471	1224
3048	3288	1642
3376	3553	1883
0	207	0
268	388	208
442	790	329
845	1139	678
1736	1986	973
2054	2471	1224
3048	3269	1642
6880	7016	1864
7458	7636	2001
0	207	0
268	388	208
442	790	329
845	1139	678
1736	1986	973
2054	2471	1224
6880	7016	1642
7458	7636	1779
0	167	0
4115	4214	168
4887	4916	268
4971	12136	298
12192	12412	7464
12470	14588	7685
14647	14767	9804
14823	15235	9925
0	241	0
2406	2505	242
3178	3207	342
3262	10427	372
10483	10703	7538
10761	12879	7759
12938	13058	9878
13114	13526	9999
0	116	0
178	277	117
950	979	217
1034	8199	247
8255	8475	7413
8533	10651	7634
10710	10830	9753
10886	11298	9874
0	116	0
178	277	117
950	979	217
1034	8199	247
8255	8475	7413
8533	10651	7634
10710	10830	9753
10886	12367	9874
0	498	0
555	1188	499
1242	1498	1133
2926	3876	1390
4796	5942	2341
7283	7465	3488
0	264	0
3461	3830	265
6778	6918	635
6996	7034	776
13136	13301	815
14737	14934	981
17354	17799	1179
18901	18992	1625
19300	19546	1717
19676	19774	1964
20311	20802	2063
21983	22176	2555
0	264	0
3461	3830	265
6778	6918	635
6996	7034	776
13136	13301	815
14737	14934	981
17354	17799	1179
18901	18992	1625
19300	19546	1717
19676	19774	1964
21983	22176	2063
0	78	0
3461	3830	79
6778	6918	449
6996	7034	590
13136	13301	629
14737	14934	795
17354	17799	993
18901	18992	1439
19300	19546	1531
19682	19774	1778
20311	20802	1871
21983	22090	2363
22490	24519	2471
0	264	0
3461	3830	265
6778	6918	635
6996	7034	776
13136	13301	815
14737	14934	981
17354	17799	1179
18901	18992	1625
19300	19546	1717
19676	19774	1964
21983	22090	2063
22490	24519	2171
0	264	0
3461	3830	265
6778	6918	635
6996	7034	776
13136	13301	815
14737	14934	981
17354	17799	1179
18901	18992	1625
19300	19546	1717
19676	19774	1964
20311	20802	2063
21983	22090	2555
22490	24519	2663
0	264	0
3461	3830	265
6778	6918	635
6996	7034	776
13136	13301	815
14737	14934	981
17354	17799	1179
18901	18992	1625
19300	19546	1717
21983	22090	1964
22490	24519	2072
0	433	0
3409	3574	434
5010	5207	600
7627	8072	798
9174	9265	1244
9573	9819	1336
12256	12363	1583
12763	14792	1691
0	3020	0
3082	3205	3021
3452	3582	3145
3641	3724	3276
3786	4340	3360
4977	5031	3915
5094	6143	3970
7063	7173	5020
7232	7732	5131
7785	7927	5632
8585	8748	5775
9954	10091	5939
0	815	0
877	1000	816
1247	1377	940
1436	1519	1071
1581	2135	1155
2772	2826	1710
2889	3938	1765
4858	4968	2815
5027	5527	2926
5580	5722	3427
6380	6543	3570
7749	7886	3734
0	639	0
701	824	640
1071	1201	764
1260	1343	895
1405	1959	979
2596	2650	1534
2713	3762	1589
4682	4792	2639
4851	5351	2750
5404	5546	3251
6204	6367	3394
7968	8102	3558
0	642	0
701	824	643
1071	1201	767
1260	1343	898
1405	1959	982
2596	2650	1537
2713	3762	1592
4682	4792	2642
4851	5351	2753
5404	5546	3254
6204	6367	3397
7968	8102	3561
0	164	0
269	531	165
601	726	428
783	946	554
0	164	0
269	531	165
601	726	428
783	1158	554
0	150	0
207	339	151
400	813	284
1887	2053	698
2833	2886	865
2964	3128	919
3423	3581	1084
3781	3984	1243
4591	4794	1447
4887	4991	1651
5099	5356	1756
5483	5971	2014
7273	7470	2503
7550	8492	2701
0	150	0
207	339	151
400	813	284
1887	2053	698
2833	2886	865
2964	3128	919
3423	3581	1084
3781	3984	1243
4591	4794	1447
4887	4991	1651
5099	5356	1756
7273	7470	2014
8492	8882	2212
8937	9312	2603
0	150	0
207	339	151
400	813	284
1887	2053	698
2833	2886	865
2964	3128	919
3423	3581	1084
3781	3984	1243
4591	4794	1447
4887	4991	1651
5099	5356	1756
7273	7470	2014
8492	8882	2212
8937	11317	2603
0	2170	0
2657	3071	2171
3130	3537	2586
5619	5735	2994
5797	6038	3111
6155	6283	3353
7136	7270	3482
7378	7491	3617
8211	8291	3731
0	2170	0
2657	3071	2171
3130	3537	2586
5619	5735	2994
5797	6038	3111
6155	6283	3353
8640	8699	3482
0	2170	0
2657	3071	2171
3130	3537	2586
5619	5735	2994
5797	6038	3111
6155	6283	3353
23936	24328	3482
0	152	0
1523	1747	153
17416	18021	378
18084	18901	984
19200	21773	1802
0	561	0
615	734	562
1337	1628	682
1690	2459	974
2513	2654	1744
8579	8812	1886
8899	9159	2120
0	561	0
615	734	562
1337	1628	682
1690	2459	974
2513	2654	1744
8579	8812	1886
9121	9159	2120
0	198	0
705	866	199
1754	1846	361
1967	2112	454
2421	2581	600
3286	3921	761
4113	4240	1397
4299	4781	1525
6252	6394	2008
6457	6538	2151
6589	6769	2233
0	66	0
705	866	67
1754	1846	229
1967	2112	322
2421	2581	468
3286	3921	629
4113	4240	1265
4530	4781	1393
6252	6394	1645
6457	6538	1788
6589	6769	1870
0	198	0
705	866	199
1754	1804	361
1967	2112	412
2421	2581	558
3286	3921	719
4113	4240	1355
4299	4781	1483
6252	6394	1966
6457	6538	2109
6589	6926	2191
0	104	0
214	519	105
1407	1457	411
1620	1765	462
2074	2234	608
2939	3574	769
3766	3893	1405
3952	4434	1533
5905	6047	2016
6110	6191	2159
6242	6870	2241
0	233	0
287	351	234
1141	1235	299
1289	1440	394
3009	3177	546
3241	3371	715
3423	3672	846
3746	3843	1096
3901	4058	1194
4289	4429	1352
0	233	0
287	351	234
1141	1235	299
1289	1440	394
3009	3177	546
3241	3371	715
3423	3672	846
3746	3843	1096
3901	4058	1194
4339	4429	1352
0	323	0
3942	4272	324
4324	4443	655
4508	4936	775
5510	5530	1204
5739	5898	1225
5956	6197	1385
6254	6412	1627
6470	8715	1786
0	317	0
3936	4266	318
4318	4437	649
4502	4930	769
5504	5524	1198
5733	5892	1219
5950	6191	1379
6248	6406	1621
6464	7692	1780
0	317	0
3936	4266	318
4318	4437	649
4559	4930	769
5733	5892	1141
5950	6191	1301
6248	6406	1543
6464	8709	1702
0	555	0
654	984	556
1036	1155	887
1220	1648	1007
2451	2610	1436
2668	2909	1596
2966	3124	1838
3182	4410	1997
0	1355	0
1416	1757	1356
1810	2410	1698
3564	4426	2299
4491	5029	3162
5217	5331	3701
5409	5624	3816
0	707	0
768	1109	708
1162	1762	1050
2916	3778	1651
3843	4381	2514
4710	4976	3053
0	707	0
768	1109	708
1162	1762	1050
2916	3778	1651
3843	4381	2514
4569	4683	3053
4761	4976	3168
0	177	0
2292	2673	178
3842	3962	560
10893	11060	681
12640	12815	849
12882	13113	1025
13177	13427	1257
13500	13514	1508
14264	14494	1523
14542	14686	1754
14740	14846	1899
14915	15090	2006
15153	15359	2182
16265	16401	2389
17466	17653	2526
17710	17999	2714
19934	20046	3004
25005	25161	3117
31115	31256	3274
33819	34128	3416
34192	34572	3726
39895	40031	4107
40088	40922	4244
0	307	0
1246	1627	308
2796	2916	690
9847	10014	811
11594	11769	979
11836	12067	1155
12131	12381	1387
13218	13448	1638
13496	13640	1869
13694	13800	2014
13869	14044	2121
14107	14313	2297
15219	15355	2504
16420	16607	2641
16664	16953	2829
18888	19000	3119
22123	22329	3232
23959	24115	3439
30069	30210	3596
30529	30696	3738
32773	33082	3906
33146	33526	4216
38849	38985	4597
39042	39876	4734
0	307	0
1246	1627	308
2796	2916	690
9847	10014	811
11594	11769	979
11836	12067	1155
12131	12381	1387
12454	12468	1638
13218	13341	1653
13402	13448	1777
13496	13640	1824
13694	13800	1969
13869	14044	2076
14107	14313	2252
15219	15355	2459
16420	16607	2596
16664	16953	2784
18888	19000	3074
23959	24115	3187
30069	30210	3344
30529	30696	3486
32773	33082	3654
33146	33526	3964
38849	38985	4345
39042	39876	4482
0	307	0
1246	1627	308
2796	2916	690
9847	10014	811
11594	11769	979
11836	12067	1155
12131	12381	1387
12454	12468	1638
13218	13448	1653
13496	13640	1884
13694	13800	2029
13869	14044	2136
14107	14310	2312
15219	15355	2516
16420	16607	2653
16664	16953	2841
18888	19000	3131
22123	22329	3244
23959	24115	3451
30069	30210	3608
32773	33082	3750
33146	33526	4060
38849	38985	4441
39042	39876	4578
0	307	0
1246	1627	308
2796	2916	690
9847	10014	811
11594	11769	979
11836	12067	1155
12131	12381	1387
12454	12468	1638
13218	13448	1653
13496	13640	1884
13694	13800	2029
13869	14044	2136
14107	14313	2312
15219	15355	2519
16420	16607	2656
16664	16953	2844
18888	19000	3134
22123	22329	3247
23959	24115	3454
30069	30210	3611
30529	30696	3753
32773	33082	3921
33146	33526	4231
38849	38985	4612
39042	39876	4749
